Latitud,Longitud,Tunel,Tiempo,GHI,POA
40.4088697,-3.6923659,0.0,2021-05-25 11:50:54.000000,790.1624751497375,917.9467493009921
40.40878925,-3.6923038833333344,0.0,2021-05-25 11:50:55.917910,790.1633336978059,917.9473039920161
40.4087088,-3.6922418666666683,0.0,2021-05-25 11:50:57.835820,0.0,0.0
40.40862835,-3.6921798500000027,0.0,2021-05-25 11:50:59.753730,0.0,0.0
40.408547899999995,-3.6921178333333318,0.0,2021-05-25 11:51:01.671640,0.0,0.0
40.408467449999996,-3.6920558166666657,0.0,2021-05-25 11:51:03.589550,792.1966737223404,918.7803864310432
40.408387,-3.6919938,0.0,2021-05-25 11:51:05.507460,792.1975316098113,918.7809389054286
40.408387,-3.6919938,0.0,2021-05-25 11:51:07.425370,792.1975316098113,918.7809389054286
40.40833509444444,-3.6918974722222164,0.0,2021-05-25 11:51:09.343280,792.1985407833885,918.7814803635948
40.40828318888889,-3.691801144444446,0.0,2021-05-25 11:51:11.261190,0.0,0.0
40.40823128333333,-3.6917048166666624,0.0,2021-05-25 11:51:13.179100,0.0,0.0
40.40817937777778,-3.691608488888892,0.0,2021-05-25 11:51:15.097010,792.2015682956944,918.783104724325
40.40812747222222,-3.6915121611111084,0.0,2021-05-25 11:51:17.014920,792.202577463656,918.7836461733128
40.40807556666667,-3.691415833333338,0.0,2021-05-25 11:51:18.932830,792.2035866302131,918.7841876200058
40.40802366111111,-3.6913195055555543,0.0,2021-05-25 11:51:20.850740,792.2045957953666,918.7847290644045
40.40797175555556,-3.6912231777777835,0.0,2021-05-25 11:51:22.768650,792.2056049591158,918.7852705065084
40.40791985,-3.69112685,0.0,2021-05-25 11:51:24.686560,792.2066141214608,918.7858119463174
40.40786794444444,-3.6910305222222166,0.0,2021-05-25 11:51:26.604470,792.2076232824027,918.7863533838323
40.40781603888889,-3.690934194444446,0.0,2021-05-25 11:51:28.522380,792.2086324419399,918.7868948190522
40.40776413333333,-3.690837866666662,0.0,2021-05-25 11:51:30.440290,792.2096416000732,918.7874362519775
40.40771222777778,-3.690741538888892,0.0,2021-05-25 11:51:32.358200,792.2106507568029,918.7879776826085
40.40766032222222,-3.690645211111108,0.0,2021-05-25 11:51:34.276110,792.2116599121285,918.7885191109448
40.40760841666667,-3.6905488833333377,0.0,2021-05-25 11:51:36.194020,792.2126690660499,918.7890605369863
40.40755651111111,-3.690452555555554,0.0,2021-05-25 11:51:38.111930,792.2136782185675,918.7896019607331
40.40750460555556,-3.6903562277777837,0.0,2021-05-25 11:51:40.029840,792.2146873696813,918.7901433821856
40.4074527,-3.6902599,0.0,2021-05-25 11:51:41.947750,792.2156965193913,918.7906848013433
40.40740079444444,-3.6901635722222164,0.0,2021-05-25 11:51:43.865660,792.2167056676966,918.7912262182062
40.40734888888889,-3.690067244444446,0.0,2021-05-25 11:51:45.783570,792.2177148145986,918.7917676327746
40.40729698333333,-3.6899709166666623,0.0,2021-05-25 11:51:47.701480,792.2187239600955,918.7923090450482
40.40724507777778,-3.689874588888892,0.0,2021-05-25 11:51:49.619390,0.0,0.0
40.40719317222222,-3.6897782611111083,0.0,2021-05-25 11:51:51.537300,792.2207422468783,918.7933918627114
40.40714126666667,-3.689681933333338,0.0,2021-05-25 11:51:53.455210,792.2217513881634,918.7939332681009
40.40708936111111,-3.6895856055555543,0.0,2021-05-25 11:51:55.373120,792.222760528045,918.7944746711959
40.40703745555556,-3.6894892777777835,0.0,2021-05-25 11:51:57.291030,792.2237696665219,918.7950160719961
40.40698555,-3.6893929500000002,0.0,2021-05-25 11:51:59.208940,792.2247788035953,918.7955574705018
40.40693364444444,-3.6892966222222165,0.0,2021-05-25 11:52:01.126850,794.2430946885684,919.6091040223589
40.40688173888889,-3.6892002944444457,0.0,2021-05-25 11:52:03.044760,794.244100562366,919.6096399952387
40.40682983333333,-3.689103966666662,0.0,2021-05-25 11:52:04.962670,794.2451064347433,919.6101759658152
40.40677792777778,-3.6890076388888917,0.0,2021-05-25 11:52:06.880580,794.246112305701,919.6107119340892
40.40672602222222,-3.688911311111108,0.0,2021-05-25 11:52:08.798490,794.2471181752397,919.6112479000604
40.40667411666667,-3.6888149833333377,0.0,2021-05-25 11:52:10.716400,794.2481240433589,919.6117838637285
40.40662221111111,-3.688718655555554,0.0,2021-05-25 11:52:12.634310,794.2491299100582,919.6123198250939
40.40657030555556,-3.6886223277777836,0.0,2021-05-25 11:52:14.552220,794.2501357753389,919.6128557841569
40.4065184,-3.688526,0.0,2021-05-25 11:52:16.470130,794.2511416391995,919.6133917409168
40.4065184,-3.688526,0.0,2021-05-25 11:52:18.388040,794.2511416391995,919.6133917409168
40.40651538888889,-3.688405581481471,0.0,2021-05-25 11:52:20.305950,794.2521233303104,919.6137918554189
40.40651237777778,-3.688285162962942,0.0,2021-05-25 11:52:22.223860,794.253105018595,919.6141919658903
40.40650936666667,-3.688164744444413,0.0,2021-05-25 11:52:24.141770,794.2540867040531,919.6145920723318
40.40650635555556,-3.6880443259258837,0.0,2021-05-25 11:52:26.059680,794.2550683866853,919.614992174743
40.406503344444445,-3.6879239074073547,0.0,2021-05-25 11:52:27.977590,0.0,0.0
40.406500333333334,-3.6878034888888256,0.0,2021-05-25 11:52:29.895500,0.0,0.0
40.40649732222222,-3.6876830703702965,0.0,2021-05-25 11:52:31.813410,0.0,0.0
40.40649431111111,-3.6875626518517675,0.0,2021-05-25 11:52:33.731320,794.2589950889483,919.6165925440827
40.4064913,-3.6874422333332384,0.0,2021-05-25 11:52:35.649230,794.2599767574477,919.6169926263415
40.40648828888889,-3.6873218148147093,0.0,2021-05-25 11:52:37.567140,794.2609584231204,919.6173927045697
40.406485277777776,-3.6872013962961803,0.0,2021-05-25 11:52:39.485050,794.2619400859674,919.6177927787678
40.406482266666664,-3.6870809777776516,0.0,2021-05-25 11:52:41.402960,794.2629217459875,919.6181928489356
40.40647925555555,-3.6869605592591226,0.0,2021-05-25 11:52:43.320870,794.2639034031812,919.6185929150728
40.40647624444445,-3.6868401407408773,0.0,2021-05-25 11:52:45.238780,794.2648850575459,919.6189929771786
40.40647323333334,-3.6867197222223482,0.0,2021-05-25 11:52:47.156690,794.2658667090864,919.6193930352549
40.406470222222225,-3.6865993037038196,0.0,2021-05-25 11:52:49.074600,794.2668483578008,919.6197930893011
40.406467211111114,-3.6864788851852905,0.0,2021-05-25 11:52:50.992510,0.0,0.0
40.4064642,-3.6863584666667615,0.0,2021-05-25 11:52:52.910420,794.2688116467494,919.6205931853017
40.40646118888889,-3.6862380481482324,0.0,2021-05-25 11:52:54.828330,794.2697932869842,919.6209932272566
40.40645817777778,-3.6861176296297034,0.0,2021-05-25 11:52:56.746240,794.2707749243925,920.6445613893512
40.40645516666667,-3.6859972111111743,0.0,2021-05-25 11:52:58.664150,794.2717565589735,919.6217932990749
40.406452155555556,-3.6858767925926452,0.0,2021-05-25 11:53:00.582060,796.2773382259832,920.4172722646578
40.406449144444444,-3.685756374074116,0.0,2021-05-25 11:53:02.499970,796.2783138907118,922.1522514695082
40.40644613333333,-3.685635955555587,0.0,2021-05-25 11:53:04.417880,796.2792895526036,920.4180554287603
40.40644312222222,-3.685515537037058,0.0,2021-05-25 11:53:06.335790,0.0,0.0
40.40644011111111,-3.685395118518529,0.0,2021-05-25 11:53:08.253700,0.0,0.0
40.4064371,-3.6852747,0.0,2021-05-25 11:53:10.171610,0.0,0.0
40.4064371,-3.6852747,0.0,2021-05-25 11:53:12.089520,0.0,0.0
40.406457315384614,-3.6851538307692273,0.0,2021-05-25 11:53:14.007430,796.2830915661376,922.1558503887048
40.40647753076923,-3.6850329615384547,0.0,2021-05-25 11:53:15.925340,796.2839666073717,922.1565560373372
40.406497746153846,-3.6849120923076826,0.0,2021-05-25 11:53:17.843250,796.2848416449622,920.4201032677606
40.40651796153846,-3.68479122307691,0.0,2021-05-25 11:53:19.761160,796.285716678908,920.4203942992403
40.40653817692308,-3.6846703538461374,0.0,2021-05-25 11:53:21.679070,796.2865917092101,920.4206853259492
40.406558392307694,-3.684549484615365,0.0,2021-05-25 11:53:23.596980,796.2874667358692,922.1593785847143
40.4065786076923,-3.684428615384635,0.0,2021-05-25 11:53:25.514890,796.2883417588832,922.1600842097702
40.40659882307692,-3.6843077461538623,0.0,2021-05-25 11:53:27.432800,796.289216778254,922.1607898301108
40.406619038461535,-3.68418687692309,0.0,2021-05-25 11:53:29.350710,796.2900917939818,922.1614954457372
40.40663925384615,-3.6840660076923175,0.0,2021-05-25 11:53:31.268620,796.2909668060646,922.1622010566474
40.40665946923077,-3.683945138461545,0.0,2021-05-25 11:53:33.186530,796.2918418145039,922.1629066628426
40.40667968461538,-3.6838242692307723,0.0,2021-05-25 11:53:35.104440,796.2927168192992,922.1636122643228
40.4066999,-3.6837033999999997,0.0,2021-05-25 11:53:37.022350,796.2935918204512,922.1643178610875
40.406720115384616,-3.6835825307692276,0.0,2021-05-25 11:53:38.940260,796.2944668179588,922.165023453137
40.40674033076923,-3.683461661538455,0.0,2021-05-25 11:53:40.858170,796.2953418118225,920.4235953306455
40.40676054615385,-3.6833407923076824,0.0,2021-05-25 11:53:42.776080,796.2962168020427,920.423886304876
40.406780761538464,-3.68321992307691,0.0,2021-05-25 11:53:44.693990,796.2970917886192,922.1671402009945
40.40680097692308,-3.6830990538461372,0.0,2021-05-25 11:53:46.611900,796.2979667715517,920.4244682390243
40.406821192307696,-3.682978184615365,0.0,2021-05-25 11:53:48.529810,796.2988417508403,922.1685513426568
40.406841407692305,-3.6828573153846347,0.0,2021-05-25 11:53:50.447720,796.2997167264842,920.4250501540893
40.40686162307692,-3.6827364461538625,0.0,2021-05-25 11:53:52.365630,796.3005916984857,922.1699624654578
40.40688183846154,-3.68261557692309,0.0,2021-05-25 11:53:54.283540,796.301466666842,922.1706680197851
40.40690205384615,-3.6824947076923173,0.0,2021-05-25 11:53:56.201450,796.3023416315549,922.1713735693975
40.40692226923077,-3.6823738384615448,0.0,2021-05-25 11:53:58.119360,796.3032165926243,922.172079114295
40.406942484615385,-3.682252969230772,0.0,2021-05-25 11:54:00.037270,0.0,0.0
40.4069627,-3.6821321,0.0,2021-05-25 11:54:01.955180,798.2967714923882,921.2039070734191
40.40698291538462,-3.6820112307692274,0.0,2021-05-25 11:54:03.873090,798.2976397428822,921.2041889081215
40.40700313076923,-3.681890361538455,0.0,2021-05-25 11:54:05.791000,0.0,0.0
40.40702334615385,-3.6817694923076822,0.0,2021-05-25 11:54:07.708910,0.0,0.0
40.407043561538465,-3.6816486230769097,0.0,2021-05-25 11:54:09.626820,798.3002444724656,923.6633633189354
40.40706377692308,-3.6815277538461375,0.0,2021-05-25 11:54:11.544730,798.3011127083596,923.6640596972356
40.4070839923077,-3.681406884615365,0.0,2021-05-25 11:54:13.462640,798.3019809406039,923.6647560708186
40.407104207692306,-3.681286015384635,0.0,2021-05-25 11:54:15.380550,798.3028491691977,923.6654524396831
40.40712442307692,-3.6811651461538624,0.0,2021-05-25 11:54:17.298460,0.0,0.0
40.40714463846154,-3.6810442769230898,0.0,2021-05-25 11:54:19.216370,798.304585615437,921.2064434141986
40.407164853846155,-3.680923407692317,0.0,2021-05-25 11:54:21.134280,798.305453833082,923.6675415179727
40.40718506923077,-3.680802538461545,0.0,2021-05-25 11:54:23.052190,0.0,0.0
40.40720528461539,-3.6806816692307724,0.0,2021-05-25 11:54:24.970100,0.0,0.0
40.4072255,-3.6805608,0.0,2021-05-25 11:54:26.888010,798.3080584641147,923.6696305538014
40.4072255,-3.6805608,0.0,2021-05-25 11:54:28.805920,798.3080584641147,923.6696305538014
40.407241525,-3.680431541666657,0.0,2021-05-25 11:54:30.723830,798.3090121923656,923.6703802236102
40.407257550000004,-3.680302283333314,0.0,2021-05-25 11:54:32.641740,798.3099659166744,921.2082226077605
40.407273575000005,-3.6801730249999713,0.0,2021-05-25 11:54:34.559650,798.3109196370411,921.2085486273475
40.4072896,-3.6800437666666856,0.0,2021-05-25 11:54:36.477560,0.0,0.0
40.407305625,-3.6799145083333427,0.0,2021-05-25 11:54:38.395470,798.3128270659461,923.6733788505708
40.40732165,-3.67978525,0.0,2021-05-25 11:54:40.313380,798.3137807744849,923.6741284942419
40.407337675,-3.679655991666657,0.0,2021-05-25 11:54:42.231290,798.3147344790815,923.6748781326854
40.4073537,-3.679526733333314,0.0,2021-05-25 11:54:44.149200,0.0,0.0
40.407369724999995,-3.6793974750000285,0.0,2021-05-25 11:54:46.067110,0.0,0.0
40.407385749999996,-3.679268216666686,0.0,2021-05-25 11:54:47.985020,798.3175955692163,923.6771270166507
40.407401775,-3.679138958333343,0.0,2021-05-25 11:54:49.902930,0.0,0.0
40.4074178,-3.6790097,0.0,2021-05-25 11:54:51.820840,798.3195029429272,921.2114825679492
40.4074178,-3.6790097,0.0,2021-05-25 11:54:53.738750,798.3195029429272,921.2114825679492
40.407500637837835,-3.679016714054054,0.0,2021-05-25 11:54:55.656660,798.3190730549626,921.2110952114034
40.40758347567567,-3.679023728108108,0.0,2021-05-25 11:54:57.574570,798.3186431651778,921.2107078530469
40.40766631351351,-3.679030742162162,0.0,2021-05-25 11:54:59.492480,798.3182132735728,923.6782795124778
40.40774915135135,-3.679037756216216,0.0,2021-05-25 11:55:01.410390,800.2967762528347,921.9691240134648
40.407831989189184,-3.67904477027027,0.0,2021-05-25 11:55:03.328300,800.2963442597544,921.9687349628266
40.40791482702702,-3.679051784324324,0.0,2021-05-25 11:55:05.246210,0.0,0.0
40.407997664864865,-3.6790587983783785,0.0,2021-05-25 11:55:07.164120,0.0,0.0
40.4080805027027,-3.6790658124324325,0.0,2021-05-25 11:55:09.082030,0.0,0.0
40.40816334054054,-3.6790728264864865,0.0,2021-05-25 11:55:10.999940,800.294616269177,925.146274564841
40.40824617837838,-3.6790798405405405,0.0,2021-05-25 11:55:12.917850,800.2941842669688,925.1461580115658
40.408329016216214,-3.6790868545945945,0.0,2021-05-25 11:55:14.835760,800.293752262935,925.1460414562475
40.40841185405405,-3.6790938686486485,0.0,2021-05-25 11:55:16.753670,800.293320257076,925.1459248988868
40.40849469189189,-3.6791008827027025,0.0,2021-05-25 11:55:18.671580,800.2928882493908,925.1458083394829
40.408577529729726,-3.6791078967567565,0.0,2021-05-25 11:55:20.589490,800.29245623988,921.9652334254208
40.40866036756756,-3.6791149108108105,0.0,2021-05-25 11:55:22.507400,800.2920242285443,921.9648443566357
40.4087432054054,-3.6791219248648646,0.0,2021-05-25 11:55:24.425310,800.2915922153824,921.9644552860356
40.40882604324324,-3.6791289389189186,0.0,2021-05-25 11:55:26.343220,800.2911602003956,921.9640662136209
40.408908881081075,-3.6791359529729726,0.0,2021-05-25 11:55:28.261130,800.2907281835822,921.963677139391
40.40899171891891,-3.6791429670270266,0.0,2021-05-25 11:55:30.179040,800.290296164944,921.9632880633469
40.40907455675676,-3.6791499810810815,0.0,2021-05-25 11:55:32.096950,0.0,0.0
40.409157394594594,-3.6791569951351355,0.0,2021-05-25 11:55:34.014860,0.0,0.0
40.40924023243243,-3.6791640091891895,0.0,2021-05-25 11:55:35.932770,800.2890000980757,925.1447592129224
40.40932307027027,-3.6791710232432435,0.0,2021-05-25 11:55:37.850680,0.0,0.0
40.409405908108106,-3.6791780372972975,0.0,2021-05-25 11:55:39.768590,0.0,0.0
40.40948874594594,-3.6791850513513515,0.0,2021-05-25 11:55:41.686500,0.0,0.0
40.40957158378378,-3.6791920654054056,0.0,2021-05-25 11:55:43.604410,0.0,0.0
40.40965442162162,-3.6791990794594596,0.0,2021-05-25 11:55:45.522320,800.2868399501172,921.960175389663
40.409737259459455,-3.6792060935135136,0.0,2021-05-25 11:55:47.440230,0.0,0.0
40.40982009729729,-3.6792131075675676,0.0,2021-05-25 11:55:49.358140,800.2859758781544,921.9593972030948
40.40990293513513,-3.6792201216216216,0.0,2021-05-25 11:55:51.276050,800.2855438394353,925.1438265170677
40.409985772972966,-3.6792271356756756,0.0,2021-05-25 11:55:53.193960,800.2851117988897,921.9586190092676
40.410068610810804,-3.6792341497297296,0.0,2021-05-25 11:55:55.111870,800.2846797565193,925.1435933226758
40.41015144864864,-3.6792411637837836,0.0,2021-05-25 11:55:57.029780,0.0,0.0
40.410234286486485,-3.679248177837838,0.0,2021-05-25 11:55:58.947690,0.0,0.0
40.41031712432432,-3.679255191891892,0.0,2021-05-25 11:56:00.865600,0.0,0.0
40.41039996216216,-3.679262205945946,0.0,2021-05-25 11:56:02.783510,802.2492047701298,922.6981385653003
40.4104828,-3.67926922,0.0,2021-05-25 11:56:04.701420,802.248770637496,926.5934963099041
40.410565637837834,-3.679276234054054,0.0,2021-05-25 11:56:06.619330,802.2483365030312,922.6973570048992
40.41064847567567,-3.679283248108108,0.0,2021-05-25 11:56:08.537240,802.2479023667355,922.6969662219708
40.41073131351351,-3.679290262162162,0.0,2021-05-25 11:56:10.455150,802.2474682286096,922.6965754372238
40.410814151351346,-3.679297276216216,0.0,2021-05-25 11:56:12.373060,802.2470340886526,922.6961846506581
40.41089698918918,-3.67930429027027,0.0,2021-05-25 11:56:14.290970,802.2465999468658,922.6957938622741
40.41097982702702,-3.679311304324324,0.0,2021-05-25 11:56:16.208880,802.2461658032477,922.695403072071
40.41106266486486,-3.679318318378378,0.0,2021-05-25 11:56:18.126790,0.0,0.0
40.411145502702695,-3.679325332432432,0.0,2021-05-25 11:56:20.044700,0.0,0.0
40.41122834054053,-3.679332346486486,0.0,2021-05-25 11:56:21.962610,802.2448633614099,922.6942306905505
40.41131117837838,-3.6793393605405407,0.0,2021-05-25 11:56:23.880520,802.2444292104689,922.6938398930729
40.411394016216214,-3.6793463745945947,0.0,2021-05-25 11:56:25.798430,802.2439950576979,922.6934490937768
40.41147685405405,-3.6793533886486487,0.0,2021-05-25 11:56:27.716340,802.2435609030962,922.6930582926624
40.41155969189189,-3.6793604027027027,0.0,2021-05-25 11:56:29.634250,802.2431267466638,926.5919678997072
40.411642529729725,-3.6793674167567567,0.0,2021-05-25 11:56:31.552160,802.2426925884004,926.5918503153551
40.41172536756756,-3.6793744308108107,0.0,2021-05-25 11:56:33.470070,802.2422584283066,926.591732728955
40.4118082054054,-3.6793814448648647,0.0,2021-05-25 11:56:35.387980,802.2418242663823,922.6914950700173
40.41189104324324,-3.6793884589189187,0.0,2021-05-25 11:56:37.305890,802.2413901026273,922.6911042598092
40.411973881081074,-3.6793954729729728,0.0,2021-05-25 11:56:39.223800,802.2409559370419,926.5913799574663
40.41205671891891,-3.6794024870270268,0.0,2021-05-25 11:56:41.141710,0.0,0.0
40.41213955675675,-3.679409501081081,0.0,2021-05-25 11:56:43.059620,0.0,0.0
40.412222394594586,-3.679416515135135,0.0,2021-05-25 11:56:44.977530,0.0,0.0
40.41230523243242,-3.679423529189189,0.0,2021-05-25 11:56:46.895440,802.2392192563929,922.6891501814912
40.41238807027027,-3.6794305432432433,0.0,2021-05-25 11:56:48.813350,802.2387850816536,922.6887593603714
40.412470908108105,-3.6794375572972973,0.0,2021-05-25 11:56:50.731260,0.0,0.0
40.41255374594594,-3.6794445713513513,0.0,2021-05-25 11:56:52.649170,0.0,0.0
40.41263658378378,-3.6794515854054053,0.0,2021-05-25 11:56:54.567080,0.0,0.0
40.41271942162162,-3.6794585994594593,0.0,2021-05-25 11:56:56.484990,0.0,0.0
40.412802259459454,-3.6794656135135133,0.0,2021-05-25 11:56:58.402900,0.0,0.0
40.41288509729729,-3.6794726275675673,0.0,2021-05-25 11:57:00.320810,0.0,0.0
40.41296793513513,-3.6794796416216213,0.0,2021-05-25 11:57:02.238720,0.0,0.0
40.413050772972966,-3.6794866556756753,0.0,2021-05-25 11:57:04.156630,804.1887860084463,923.409381512774
40.4131336108108,-3.6794936697297294,0.0,2021-05-25 11:57:06.074540,804.1883497528393,923.4089890209823
40.41321644864864,-3.6795006837837834,0.0,2021-05-25 11:57:07.992450,0.0,0.0
40.41329928648648,-3.6795076978378374,0.0,2021-05-25 11:57:09.910360,804.1874772361176,923.4082040319308
40.413382124324315,-3.6795147118918914,0.0,2021-05-25 11:57:11.828270,0.0,0.0
40.41346496216216,-3.6795217259459463,0.0,2021-05-25 11:57:13.746180,804.186604712053,928.0215193809001
40.413547799999996,-3.6795287400000003,0.0,2021-05-25 11:57:15.664090,0.0,0.0
40.413630637837834,-3.6795357540540543,0.0,2021-05-25 11:57:17.582000,0.0,0.0
40.41371347567567,-3.6795427681081083,0.0,2021-05-25 11:57:19.499910,804.1852959121886,923.4062415274087
40.41379631351351,-3.6795497821621623,0.0,2021-05-25 11:57:21.417820,804.1848596418953,923.4058490210363
40.413879151351345,-3.6795567962162163,0.0,2021-05-25 11:57:23.335730,804.1844233697672,923.4054565128421
40.41396198918918,-3.6795638102702704,0.0,2021-05-25 11:57:25.253640,804.1839870958026,923.4050640028249
40.41404482702702,-3.6795708243243244,0.0,2021-05-25 11:57:27.171550,804.1835508200032,923.4046714909857
40.41412766486486,-3.6795778383783784,0.0,2021-05-25 11:57:29.089460,0.0,0.0
40.414210502702694,-3.6795848524324324,0.0,2021-05-25 11:57:31.007370,0.0,0.0
40.41429334054053,-3.6795918664864864,0.0,2021-05-25 11:57:32.925280,0.0,0.0
40.41437617837837,-3.6795988805405404,0.0,2021-05-25 11:57:34.843190,0.0,0.0
40.414459016216206,-3.6796058945945944,0.0,2021-05-25 11:57:36.761100,0.0,0.0
40.41454185405405,-3.679612908648649,0.0,2021-05-25 11:57:38.679010,804.1809331266543,923.4023163816761
40.41462469189189,-3.679619922702703,0.0,2021-05-25 11:57:40.596920,804.1804968380047,923.4019238570793
40.414707529729725,-3.679626936756757,0.0,2021-05-25 11:57:42.514830,0.0,0.0
40.41479036756756,-3.679633950810811,0.0,2021-05-25 11:57:44.432740,0.0,0.0
40.4148732054054,-3.679640964864865,0.0,2021-05-25 11:57:46.350650,804.1791879610411,923.4007462723532
40.41495604324324,-3.679647978918919,0.0,2021-05-25 11:57:48.268560,0.0,0.0
40.415038881081074,-3.679654992972973,0.0,2021-05-25 11:57:50.186470,0.0,0.0
40.41512171891891,-3.679662007027027,0.0,2021-05-25 11:57:52.104380,804.1778790675575,923.399568671225
40.41520455675675,-3.679669021081081,0.0,2021-05-25 11:57:54.022290,804.177442766058,923.3991761338706
40.415287394594586,-3.679676035135135,0.0,2021-05-25 11:57:55.940200,804.1770064627226,923.3987835946934
40.41537023243242,-3.679683049189189,0.0,2021-05-25 11:57:57.858110,804.176570157552,923.3983910536942
40.41545307027026,-3.679690063243243,0.0,2021-05-25 11:57:59.776020,804.1761338505462,928.0186732053954
40.4155359081081,-3.679697077297297,0.0,2021-05-25 11:58:01.693930,806.1163583734174,924.1036514764188
40.415618745945935,-3.679704091351351,0.0,2021-05-25 11:58:03.611840,806.1159200151438,929.4324531178854
40.41570158378378,-3.6797111054054055,0.0,2021-05-25 11:58:05.529750,0.0,0.0
40.415784421621616,-3.6797181194594595,0.0,2021-05-25 11:58:07.447660,806.1150432930739,924.1024689175088
40.41586725945945,-3.6797251335135135,0.0,2021-05-25 11:58:09.365570,806.1146049292782,924.1020747275527
40.41595009729729,-3.6797321475675675,0.0,2021-05-25 11:58:11.283480,806.1141665636411,924.1016805357701
40.41603293513513,-3.6797391616216215,0.0,2021-05-25 11:58:13.201390,0.0,0.0
40.416115772972965,-3.6797461756756755,0.0,2021-05-25 11:58:15.119300,0.0,0.0
40.4161986108108,-3.6797531897297295,0.0,2021-05-25 11:58:17.037210,806.1128514556866,924.1004979494647
40.41628144864864,-3.6797602037837835,0.0,2021-05-25 11:58:18.955120,0.0,0.0
40.41636428648648,-3.6797672178378376,0.0,2021-05-25 11:58:20.873030,806.1119747078468,929.4313771454317
40.416447124324314,-3.6797742318918916,0.0,2021-05-25 11:58:22.790940,806.1115363311663,924.0993153467225
40.41652996216215,-3.6797812459459456,0.0,2021-05-25 11:58:24.708850,0.0,0.0
40.41661279999999,-3.6797882599999996,0.0,2021-05-25 11:58:26.626760,0.0,0.0
40.416695637837826,-3.6797952740540536,0.0,2021-05-25 11:58:28.544670,0.0,0.0
40.41677847567567,-3.6798022881081085,0.0,2021-05-25 11:58:30.462580,806.1097828060352,924.0977385174967
40.41686131351351,-3.6798093021621625,0.0,2021-05-25 11:58:32.380490,806.109344420151,929.4306597378257
40.416944151351345,-3.6798163162162165,0.0,2021-05-25 11:58:34.298400,806.108906032426,924.0969500919259
40.41702698918918,-3.6798233302702705,0.0,2021-05-25 11:58:36.216310,806.1084676428602,924.0965558764009
40.41710982702702,-3.6798303443243245,0.0,2021-05-25 11:58:38.134220,806.1080292514539,929.4303010062316
40.41719266486486,-3.6798373583783786,0.0,2021-05-25 11:58:40.052130,806.1075908582062,929.4301814249159
40.417275502702694,-3.6798443724324326,0.0,2021-05-25 11:58:41.970040,806.1071524631179,929.4300618415416
40.41735834054053,-3.6798513864864866,0.0,2021-05-25 11:58:43.887950,0.0,0.0
40.41744117837837,-3.6798584005405406,0.0,2021-05-25 11:58:45.805860,806.1062756674206,924.094584771381
40.417524016216205,-3.6798654145945946,0.0,2021-05-25 11:58:47.723770,806.105837266811,924.0941905448981
40.41760685405404,-3.6798724286486486,0.0,2021-05-25 11:58:49.641680,806.1053988643595,924.0937963165882
40.41768969189188,-3.6798794427027026,0.0,2021-05-25 11:58:51.559590,806.1049604600685,924.0934020864527
40.41777252972972,-3.6798864567567566,0.0,2021-05-25 11:58:53.477500,806.1045220539366,929.4293442980675
40.41785536756756,-3.679893470810811,0.0,2021-05-25 11:58:55.395410,806.1040836459636,929.4292247002829
40.4179382054054,-3.679900484864865,0.0,2021-05-25 11:58:57.313320,0.0,0.0
40.418021043243236,-3.679907498918919,0.0,2021-05-25 11:58:59.231230,806.1032068244967,929.4289854985391
40.41810388108107,-3.679914512972973,0.0,2021-05-25 11:59:01.149140,808.0305763051869,924.7797818454231
40.41818671891891,-3.679921527027027,0.0,2021-05-25 11:59:03.067050,0.0,0.0
40.41826955675675,-3.679928541081081,0.0,2021-05-25 11:59:04.984960,0.0,0.0
40.418352394594585,-3.679935555135135,0.0,2021-05-25 11:59:06.902870,0.0,0.0
40.41843523243242,-3.679942569189189,0.0,2021-05-25 11:59:08.820780,0.0,0.0
40.41851807027026,-3.679949583243243,0.0,2021-05-25 11:59:10.738690,808.0283740562419,930.8240195782705
40.4186009081081,-3.679956597297297,0.0,2021-05-25 11:59:12.656600,808.0279336009161,924.7774066411464
40.418683745945934,-3.679963611351351,0.0,2021-05-25 11:59:14.574510,808.0274931437435,924.7770107673609
40.41876658378377,-3.679970625405405,0.0,2021-05-25 11:59:16.492420,808.0270526847262,924.7766148917458
40.41884942162161,-3.679977639459459,0.0,2021-05-25 11:59:18.410330,808.026612223863,924.7762190143002
40.41893225945945,-3.6799846535135137,0.0,2021-05-25 11:59:20.328240,808.0261717611542,924.7758231350247
40.41901509729729,-3.6799916675675677,0.0,2021-05-25 11:59:22.246150,808.0257312965997,924.7754272539189
40.41909793513513,-3.6799986816216217,0.0,2021-05-25 11:59:24.164060,808.025290830199,924.7750313709826
40.419180772972965,-3.6800056956756757,0.0,2021-05-25 11:59:26.081970,808.0248503619531,924.7746354862167
40.4192636108108,-3.6800127097297297,0.0,2021-05-25 11:59:27.999880,0.0,0.0
40.41934644864864,-3.6800197237837837,0.0,2021-05-25 11:59:29.917790,808.0239694199237,930.8228142007521
40.419429286486476,-3.6800267378378377,0.0,2021-05-25 11:59:31.835700,808.0235289461401,924.7734478209368
40.419512124324314,-3.6800337518918917,0.0,2021-05-25 11:59:33.753610,808.0230884705115,924.7730519288498
40.41959496216215,-3.6800407659459458,0.0,2021-05-25 11:59:35.671520,0.0,0.0
40.41967779999999,-3.6800477799999998,0.0,2021-05-25 11:59:37.589430,0.0,0.0
40.419760637837825,-3.680054794054054,0.0,2021-05-25 11:59:39.507340,0.0,0.0
40.41984347567566,-3.680061808108108,0.0,2021-05-25 11:59:41.425250,808.0213265495388,924.7714683422005
40.4199263135135,-3.680068822162162,0.0,2021-05-25 11:59:43.343160,808.0208860646824,924.771072440963
40.420009151351344,-3.6800758362162163,0.0,2021-05-25 11:59:45.261070,808.0204455779793,924.7706765378952
40.42009198918918,-3.6800828502702703,0.0,2021-05-25 11:59:47.178980,808.0200050894309,924.7702806329971
40.42017482702702,-3.6800898643243243,0.0,2021-05-25 11:59:49.096890,0.0,0.0
40.420257664864856,-3.6800968783783783,0.0,2021-05-25 11:59:51.014800,808.0191241067964,924.7694888177107
40.42034050270269,-3.6801038924324323,0.0,2021-05-25 11:59:52.932710,808.0186836127108,924.769092907322
40.42042334054053,-3.6801109064864863,0.0,2021-05-25 11:59:54.850620,808.018243116779,924.7686969951031
40.42050617837837,-3.6801179205405403,0.0,2021-05-25 11:59:56.768530,808.0178026190023,924.7683010810543
40.420589016216205,-3.6801249345945943,0.0,2021-05-25 11:59:58.686440,808.0173621193798,924.7679051651754
40.42067185405404,-3.6801319486486483,0.0,2021-05-25 12:00:00.604350,809.9318356752927,932.1983594560651
40.42075469189188,-3.6801389627027024,0.0,2021-05-25 12:00:02.522260,809.9313931580971,932.1982379735259
40.42083752972972,-3.6801459767567564,0.0,2021-05-25 12:00:04.440170,809.9309506390496,932.1981164889173
40.420920367567554,-3.6801529908108104,0.0,2021-05-25 12:00:06.358080,0.0,0.0
40.42100320540539,-3.6801600048648644,0.0,2021-05-25 12:00:08.275990,0.0,0.0
40.42108604324323,-3.6801670189189184,0.0,2021-05-25 12:00:10.193900,809.9296230708046,925.4361871562331
40.42116888108107,-3.6801740329729733,0.0,2021-05-25 12:00:12.111810,809.9291805443551,925.4357896221258
40.42125171891891,-3.6801810470270273,0.0,2021-05-25 12:00:14.029720,0.0,0.0
40.42133455675675,-3.6801880610810813,0.0,2021-05-25 12:00:15.947630,0.0,0.0
40.421417394594584,-3.6801950751351353,0.0,2021-05-25 12:00:17.865540,0.0,0.0
40.42150023243242,-3.6802020891891893,0.0,2021-05-25 12:00:19.783450,0.0,0.0
40.42158307027026,-3.6802091032432434,0.0,2021-05-25 12:00:21.701360,0.0,0.0
40.421665908108096,-3.6802161172972974,0.0,2021-05-25 12:00:23.619270,809.9265253467927,925.4334043789675
40.42174874594593,-3.6802231313513514,0.0,2021-05-25 12:00:25.537180,0.0,0.0
40.42183158378377,-3.6802301454054054,0.0,2021-05-25 12:00:27.455090,0.0,0.0
40.42191442162161,-3.6802371594594594,0.0,2021-05-25 12:00:29.373000,0.0,0.0
40.421997259459445,-3.6802441735135134,0.0,2021-05-25 12:00:31.290910,809.9247551780715,925.4318141801825
40.42208009729728,-3.6802511875675674,0.0,2021-05-25 12:00:33.208820,809.924312631264,925.4314166259012
40.42216293513512,-3.6802582016216214,0.0,2021-05-25 12:00:35.126730,809.9238700826061,925.431019069786
40.422245772972964,-3.680265215675676,0.0,2021-05-25 12:00:37.044640,809.9234275320983,925.4306215118371
40.4223286108108,-3.68027222972973,0.0,2021-05-25 12:00:38.962550,809.9229849797393,925.4302239520541
40.42241144864864,-3.680279243783784,0.0,2021-05-25 12:00:40.880460,809.9225424255292,925.4298263904368
40.422494286486476,-3.680286257837838,0.0,2021-05-25 12:00:42.798370,809.9220998694691,925.4294288269859
40.42257712432431,-3.680293271891892,0.0,2021-05-25 12:00:44.716280,809.921657311558,925.4290312617009
40.42265996216215,-3.680300285945946,0.0,2021-05-25 12:00:46.634190,0.0,0.0
40.42274279999999,-3.6803073,0.0,2021-05-25 12:00:48.552100,809.9207721901844,932.1953217718905
40.42274279999999,-3.6803073,0.0,2021-05-25 12:00:50.470010,809.9207721901844,932.1953217718905
40.42279038837208,-3.6802009023255864,0.0,2021-05-25 12:00:52.387920,809.921360573862,932.1958562545877
40.42283797674418,-3.6800945046511573,0.0,2021-05-25 12:00:54.305830,809.9219489533982,932.1963907325813
40.42288556511627,-3.6799881069767437,0.0,2021-05-25 12:00:56.223740,809.9225373287945,932.196925205872
40.42293315348836,-3.67988170930233,0.0,2021-05-25 12:00:58.141650,809.9231257000497,932.1974596744589
40.42298074186046,-3.679775311627901,0.0,2021-05-25 12:01:00.059560,811.8256753408941,933.557131774757
40.42302833023255,-3.6796689139534875,0.0,2021-05-25 12:01:01.977470,811.8262568643619,933.5576576489872
40.42307591860464,-3.6795625162790744,0.0,2021-05-25 12:01:03.895380,811.8268383836883,926.0816209918215
40.42312350697674,-3.679456118604645,0.0,2021-05-25 12:01:05.813290,811.8274198988729,926.0816758834758
40.42317109534883,-3.6793497209302313,0.0,2021-05-25 12:01:07.731200,811.8280014099171,926.0817307702828
40.42321868372092,-3.679243323255818,0.0,2021-05-25 12:01:09.649110,811.8285829168199,926.081785652243
40.42326627209302,-3.6791369255813886,0.0,2021-05-25 12:01:11.567020,811.8291644195809,926.0818405293551
40.42331386046511,-3.679030527906975,0.0,2021-05-25 12:01:13.484930,811.8297459182006,926.0818954016199
40.4233614488372,-3.678924130232562,0.0,2021-05-25 12:01:15.402840,811.8303274126799,926.0819502690379
40.4234090372093,-3.6788177325581324,0.0,2021-05-25 12:01:17.320750,811.8309089030178,926.0820051316084
40.42345662558139,-3.6787113348837193,0.0,2021-05-25 12:01:19.238660,811.8314903892142,926.0820599893314
40.42350421395348,-3.6786049372093057,0.0,2021-05-25 12:01:21.156570,811.8320718712698,926.0821148422071
40.423551802325576,-3.678498539534876,0.0,2021-05-25 12:01:23.074480,811.8326533491838,926.0821696902356
40.42359939069767,-3.678392141860463,0.0,2021-05-25 12:01:24.992390,811.8332348229568,926.0822245334169
40.42364697906976,-3.6782857441860495,0.0,2021-05-25 12:01:26.910300,811.833816292588,926.0822793717505
40.423694567441856,-3.6781793465116204,0.0,2021-05-25 12:01:28.828210,811.8343977580791,926.082334205237
40.42374215581395,-3.678072948837207,0.0,2021-05-25 12:01:30.746120,811.8349792194284,926.0823890338764
40.42378974418604,-3.6779665511627933,0.0,2021-05-25 12:01:32.664030,811.8355606766364,926.0824438576684
40.42383733255813,-3.6778601534883797,0.0,2021-05-25 12:01:34.581940,811.8361421297034,926.0824986766132
40.42388492093023,-3.6777537558139506,0.0,2021-05-25 12:01:36.499850,811.8367235786286,926.0825534907102
40.42393250930232,-3.677647358139537,0.0,2021-05-25 12:01:38.417760,811.8373050234129,926.0826082999603
40.42398009767441,-3.677540960465124,0.0,2021-05-25 12:01:40.335670,811.8378864640565,926.0826631043633
40.42402768604651,-3.6774345627906944,0.0,2021-05-25 12:01:42.253580,811.8384679005586,926.0827179039188
40.4240752744186,-3.677328165116281,0.0,2021-05-25 12:01:44.171490,811.8390493329188,926.0827726986269
40.42412286279069,-3.6772217674418677,0.0,2021-05-25 12:01:46.089400,811.8396307611381,926.0828274884879
40.42417045116279,-3.677115369767438,0.0,2021-05-25 12:01:48.007310,811.8402121852168,926.0828822735016
40.42421803953488,-3.677008972093025,0.0,2021-05-25 12:01:49.925220,811.8407936051539,926.082937053668
40.42426562790697,-3.6769025744186115,0.0,2021-05-25 12:01:51.843130,811.8413750209497,926.0829918289876
40.42431321627907,-3.676796176744182,0.0,2021-05-25 12:01:53.761040,811.841956432605,926.0830465994596
40.42436080465116,-3.676689779069769,0.0,2021-05-25 12:01:55.678950,811.842537840118,926.0831013650841
40.42440839302325,-3.6765833813953552,0.0,2021-05-25 12:01:57.596860,811.8431192434905,926.0831561258616
40.42445598139535,-3.6764769837209257,0.0,2021-05-25 12:01:59.514770,0.0,0.0
40.42450356976744,-3.6763705860465126,0.0,2021-05-25 12:02:01.432680,0.0,0.0
40.42455115813953,-3.676264188372099,0.0,2021-05-25 12:02:03.350590,813.7336916841415,934.9150478476806
40.42459874651163,-3.67615779069767,0.0,2021-05-25 12:02:05.268500,813.7342662241807,934.9155649805815
40.42464633488372,-3.6760513930232563,0.0,2021-05-25 12:02:07.186410,813.7348407600781,934.9160821087805
40.42469392325581,-3.675944995348843,0.0,2021-05-25 12:02:09.104320,813.7354152918336,926.7185137008878
40.42474151162791,-3.6758385976744137,0.0,2021-05-25 12:02:11.022230,813.7359898194478,926.7185597458694
40.4247891,-3.6757322,0.0,2021-05-25 12:02:12.940140,813.7365643429206,926.7186057860131
40.4247891,-3.6757322,0.0,2021-05-25 12:02:14.858050,813.7365643429206,926.7186057860131
40.4247831,-3.67560894102566,0.0,2021-05-25 12:02:16.775960,813.7375205379284,926.7189419410093
40.4247771,-3.6754856820513195,0.0,2021-05-25 12:02:18.693870,813.7384767299466,926.7192780918634
40.4247711,-3.6753624230769795,0.0,2021-05-25 12:02:20.611780,813.7394329189747,934.9196210608783
40.424765099999995,-3.6752391641024933,0.0,2021-05-25 12:02:22.529690,813.740389105013,934.9202835840582
40.424759099999996,-3.675115905128153,0.0,2021-05-25 12:02:24.447600,813.7413452880611,934.9209461028757
40.4247531,-3.6749926461538127,0.0,2021-05-25 12:02:26.365510,813.7423014681186,934.9216086173305
40.4247471,-3.674869387179472,0.0,2021-05-25 12:02:28.283420,813.7432576451853,926.7209587839938
40.4247411,-3.674746128205132,0.0,2021-05-25 12:02:30.201330,813.7442138192632,926.7212949099925
40.4247351,-3.6746228692307916,0.0,2021-05-25 12:02:32.119240,813.7451699903501,926.7216310318481
40.4247291,-3.6744996102564516,0.0,2021-05-25 12:02:34.037150,813.7461261584465,926.721967149561
40.4247231,-3.674376351282111,0.0,2021-05-25 12:02:35.955060,813.7470823235543,926.7223032631321
40.424717099999995,-3.674253092307625,0.0,2021-05-25 12:02:37.872970,813.748038485672,926.7226393725604
40.424711099999996,-3.674129833333285,0.0,2021-05-25 12:02:39.790880,813.7489946447979,926.7229754778454
40.4247051,-3.6740065743589443,0.0,2021-05-25 12:02:41.708790,813.7499508009347,926.7233115789885
40.4246991,-3.673883315384604,0.0,2021-05-25 12:02:43.626700,813.7509069540806,926.7236476759884
40.4246931,-3.6737600564102637,0.0,2021-05-25 12:02:45.544610,813.7518631042367,926.7239837688463
40.4246871,-3.6736367974359236,0.0,2021-05-25 12:02:47.462520,813.7528192514026,926.7243198575615
40.4246811,-3.6735135384615836,0.0,2021-05-25 12:02:49.380430,813.7537753955784,934.9295584505354
40.4246751,-3.673390279487243,0.0,2021-05-25 12:02:51.298340,813.7547315367639,926.7249920225637
40.424669099999996,-3.673267020512757,0.0,2021-05-25 12:02:53.216250,813.75568767496,926.7253280988514
40.4246631,-3.6731437615384164,0.0,2021-05-25 12:02:55.134160,813.756643810165,926.7256641709959
40.4246571,-3.6730205025640763,0.0,2021-05-25 12:02:57.052070,813.7575999423797,926.7260002389983
40.4246511,-3.6728972435897362,0.0,2021-05-25 12:02:58.969980,813.7585560716046,926.7263363028578
40.4246451,-3.6727739846153957,0.0,2021-05-25 12:03:00.887890,0.0,0.0
40.4246391,-3.6726507256410557,0.0,2021-05-25 12:03:02.805800,0.0,0.0
40.4246331,-3.672527466666715,0.0,2021-05-25 12:03:04.723710,0.0,0.0
40.4246271,-3.672404207692375,0.0,2021-05-25 12:03:06.641620,0.0,0.0
40.424621099999996,-3.672280948717889,0.0,2021-05-25 12:03:08.559530,0.0,0.0
40.4246151,-3.6721576897435484,0.0,2021-05-25 12:03:10.477440,0.0,0.0
40.4246091,-3.6720344307692083,0.0,2021-05-25 12:03:12.395350,0.0,0.0
40.4246031,-3.671911171794868,0.0,2021-05-25 12:03:14.313260,0.0,0.0
40.4245971,-3.6717879128205277,0.0,2021-05-25 12:03:16.231170,0.0,0.0
40.4245911,-3.6716646538461872,0.0,2021-05-25 12:03:18.149080,0.0,0.0
40.4245851,-3.671541394871847,0.0,2021-05-25 12:03:20.066990,0.0,0.0
40.4245791,-3.6714181358975067,0.0,2021-05-25 12:03:21.984900,0.0,0.0
40.424573099999996,-3.6712948769230205,0.0,2021-05-25 12:03:23.902810,0.0,0.0
40.4245671,-3.6711716179486804,0.0,2021-05-25 12:03:25.820720,0.0,0.0
40.4245611,-3.67104835897434,0.0,2021-05-25 12:03:27.738630,0.0,0.0
40.4245551,-3.6709251,0.0,2021-05-25 12:03:29.656540,0.0,0.0
40.4245551,-3.6709251,0.0,2021-05-25 12:03:31.574450,0.0,0.0
40.4244386,-3.6709354799999994,0.0,2021-05-25 12:03:33.492360,0.0,0.0
40.4243221,-3.6709458599999993,0.0,2021-05-25 12:03:35.410270,0.0,0.0
40.4242056,-3.6709562399999993,0.0,2021-05-25 12:03:37.328180,0.0,0.0
40.424089099999996,-3.6709666199999993,0.0,2021-05-25 12:03:39.246090,0.0,0.0
40.4239726,-3.670976999999999,0.0,2021-05-25 12:03:41.164000,0.0,0.0
40.4239726,-3.670976999999999,0.0,2021-05-25 12:03:43.081910,0.0,0.0
