Latitud,Longitud,Tunel,Tiempo,GHI,POA
40.4088697,-3.6923659,0.0,2021-05-26 16:12:48.108703,828.7392241616408,944.1479007399228
40.40878925,-3.6923038833333344,0.0,2021-05-26 16:12:49.987638,0.0,0.0
40.4087088,-3.6922418666666683,0.0,2021-05-26 16:12:51.866573,0.0,0.0
40.40862835,-3.6921798500000027,0.0,2021-05-26 16:12:53.745508,0.0,0.0
40.408547899999995,-3.6921178333333318,0.0,2021-05-26 16:12:55.624443,0.0,0.0
40.408467449999996,-3.6920558166666657,0.0,2021-05-26 16:12:57.503378,828.7389906809134,944.146869815517
40.408387,-3.6919938,0.0,2021-05-26 16:12:59.382313,828.7389439734394,944.1466636192112
40.408387,-3.6919938,0.0,2021-05-26 16:13:01.261248,826.9567519618492,942.9517677285679
40.40833509444444,-3.6918974722222164,0.0,2021-05-26 16:13:03.140183,826.9563151548608,942.9513596116901
40.40828318888889,-3.691801144444446,0.0,2021-05-26 16:13:05.019118,0.0,0.0
40.40823128333333,-3.6917048166666624,0.0,2021-05-26 16:13:06.898053,0.0,0.0
40.40817937777778,-3.691608488888892,0.0,2021-05-26 16:13:08.776988,0.0,0.0
40.40812747222222,-3.6915121611111084,0.0,2021-05-26 16:13:10.655923,826.9545678887154,942.9497271020495
40.40807556666667,-3.691415833333338,0.0,2021-05-26 16:13:12.534858,826.9541310626314,942.9493189641071
40.40802366111111,-3.6913195055555543,0.0,2021-05-26 16:13:14.413793,826.9536942327283,942.9489108219518
40.40797175555556,-3.6912231777777835,0.0,2021-05-26 16:13:16.292728,826.953257399006,942.9485026755837
40.40791985,-3.69112685,0.0,2021-05-26 16:13:18.171663,826.9528205614648,942.9480945250026
40.40786794444444,-3.6910305222222166,0.0,2021-05-26 16:13:20.050598,826.9523837201041,942.9476863702084
40.40781603888889,-3.690934194444446,0.0,2021-05-26 16:13:21.929533,826.9519468749247,930.7806433851841
40.40776413333333,-3.690837866666662,0.0,2021-05-26 16:13:23.808468,826.9515100259262,930.7806932117043
40.40771222777778,-3.690741538888892,0.0,2021-05-26 16:13:25.687403,826.9510731731084,930.7807430339155
40.40766032222222,-3.690645211111108,0.0,2021-05-26 16:13:27.566338,826.9506363164716,930.7807928518176
40.40760841666667,-3.6905488833333377,0.0,2021-05-26 16:13:29.445273,826.9501994560155,930.7808426654107
40.40755651111111,-3.690452555555554,0.0,2021-05-26 16:13:31.324208,826.9497625917404,942.9452373529739
40.40750460555556,-3.6903562277777837,0.0,2021-05-26 16:13:33.203143,826.9493257236462,942.9448291686895
40.4074527,-3.6902599,0.0,2021-05-26 16:13:35.082078,826.9488888517329,942.9444209801924
40.40740079444444,-3.6901635722222164,0.0,2021-05-26 16:13:36.961013,826.9484519760005,942.9440127874824
40.40734888888889,-3.690067244444446,0.0,2021-05-26 16:13:38.839948,826.9480150964494,942.9436045905595
40.40729698333333,-3.6899709166666623,0.0,2021-05-26 16:13:40.718883,0.0,0.0
40.40724507777778,-3.689874588888892,0.0,2021-05-26 16:13:42.597818,0.0,0.0
40.40719317222222,-3.6897782611111083,0.0,2021-05-26 16:13:44.476753,0.0,0.0
40.40714126666667,-3.689681933333338,0.0,2021-05-26 16:13:46.355688,826.9462675400523,942.9419717607389
40.40708936111111,-3.6895856055555543,0.0,2021-05-26 16:13:48.234623,826.945830641405,942.9415635427513
40.40703745555556,-3.6894892777777835,0.0,2021-05-26 16:13:50.113558,826.9453937389393,942.9411553205513
40.40698555,-3.6893929500000002,0.0,2021-05-26 16:13:51.992493,826.9449568326539,942.9407470941378
40.40693364444444,-3.6892966222222165,0.0,2021-05-26 16:13:53.871428,826.9445199225497,942.9403388635118
40.40688173888889,-3.6892002944444457,0.0,2021-05-26 16:13:55.750363,826.9440830086262,942.939930628673
40.40682983333333,-3.689103966666662,0.0,2021-05-26 16:13:57.629298,826.9436460908832,942.9395223896206
40.40677792777778,-3.6890076388888917,0.0,2021-05-26 16:13:59.508233,0.0,0.0
40.40672602222222,-3.688911311111108,0.0,2021-05-26 16:14:01.387168,0.0,0.0
40.40667411666667,-3.6888149833333377,0.0,2021-05-26 16:14:03.266103,0.0,0.0
40.40662221111111,-3.688718655555554,0.0,2021-05-26 16:14:05.145038,0.0,0.0
40.40657030555556,-3.6886223277777836,0.0,2021-05-26 16:14:07.023973,0.0,0.0
40.4065184,-3.688526,0.0,2021-05-26 16:14:08.902908,0.0,0.0
40.4065184,-3.688526,0.0,2021-05-26 16:14:10.781843,0.0,0.0
40.40651538888889,-3.688405581481471,0.0,2021-05-26 16:14:12.660778,0.0,0.0
40.40651237777778,-3.688285162962942,0.0,2021-05-26 16:14:14.539713,0.0,0.0
40.40650936666667,-3.688164744444413,0.0,2021-05-26 16:14:16.418648,0.0,0.0
40.40650635555556,-3.6880443259258837,0.0,2021-05-26 16:14:18.297583,825.1420094079282,941.7211750344202
40.406503344444445,-3.6879239074073547,0.0,2021-05-26 16:14:20.176518,825.1411554346874,941.7205890722197
40.406500333333334,-3.6878034888888256,0.0,2021-05-26 16:14:22.055453,0.0,0.0
40.40649732222222,-3.6876830703702965,0.0,2021-05-26 16:14:23.934388,0.0,0.0
40.40649431111111,-3.6875626518517675,0.0,2021-05-26 16:14:25.813323,825.1385934961855,941.7188311597611
40.4064913,-3.6874422333332384,0.0,2021-05-26 16:14:27.692258,825.1377395104244,941.7182451803221
40.40648828888889,-3.6873218148147093,0.0,2021-05-26 16:14:29.571193,825.1368855215329,941.7176591965734
40.406485277777776,-3.6872013962961803,0.0,2021-05-26 16:14:31.450128,825.1360315295118,941.7170732085154
40.406482266666664,-3.6870809777776516,0.0,2021-05-26 16:14:33.329063,825.13517753436,941.7164872161475
40.40647925555555,-3.6869605592591226,0.0,2021-05-26 16:14:35.207998,825.1343235360782,941.7159012194695
40.40647624444445,-3.6868401407408773,0.0,2021-05-26 16:14:37.086933,825.1334695346683,941.715315218484
40.40647323333334,-3.6867197222223482,0.0,2021-05-26 16:14:38.965868,825.1326155301261,941.7147292131867
40.406470222222225,-3.6865993037038196,0.0,2021-05-26 16:14:40.844803,825.1317615224538,941.7141432035802
40.406467211111114,-3.6864788851852905,0.0,2021-05-26 16:14:42.723738,0.0,0.0
40.4064642,-3.6863584666667615,0.0,2021-05-26 16:14:44.602673,825.1300534977189,941.7129711714381
40.40646118888889,-3.6862380481482324,0.0,2021-05-26 16:14:46.481608,825.129199480656,941.7123851489023
40.40645817777778,-3.6861176296297034,0.0,2021-05-26 16:14:48.360543,0.0,0.0
40.40645516666667,-3.6859972111111743,0.0,2021-05-26 16:14:50.239478,0.0,0.0
40.406452155555556,-3.6858767925926452,0.0,2021-05-26 16:14:52.118413,825.1266374106872,941.7106270554374
40.406449144444444,-3.685756374074116,0.0,2021-05-26 16:14:53.997348,825.1257833811038,941.710041015663
40.40644613333333,-3.685635955555587,0.0,2021-05-26 16:14:55.876283,825.1249293483904,941.709454971579
40.40644312222222,-3.685515537037058,0.0,2021-05-26 16:14:57.755218,825.1240753125468,941.7088689231854
40.40644011111111,-3.685395118518529,0.0,2021-05-26 16:14:59.634153,825.1232212735733,941.7082828704822
40.4064371,-3.6852747,0.0,2021-05-26 16:15:01.513088,823.3134575502246,940.4755448287856
40.4064371,-3.6852747,0.0,2021-05-26 16:15:03.392023,823.3134575502246,940.4755448287856
40.406457315384614,-3.6851538307692273,0.0,2021-05-26 16:15:05.270958,823.3124819857749,929.7273327185818
40.40647753076923,-3.6850329615384547,0.0,2021-05-26 16:15:07.149893,823.3115064186743,940.4743018861985
40.406497746153846,-3.6849120923076826,0.0,2021-05-26 16:15:09.028828,823.3105308489237,940.4736804087504
40.40651796153846,-3.68479122307691,0.0,2021-05-26 16:15:10.907763,823.3095552765224,940.4730589271986
40.40653817692308,-3.6846703538461374,0.0,2021-05-26 16:15:12.786698,823.3085797014706,940.4724374415439
40.406558392307694,-3.684549484615365,0.0,2021-05-26 16:15:14.665633,823.3076041237686,940.4718159517859
40.4065786076923,-3.684428615384635,0.0,2021-05-26 16:15:16.544568,823.3066285434163,929.7251927523821
40.40659882307692,-3.6843077461538623,0.0,2021-05-26 16:15:18.423503,823.3056529604133,940.4705729599604
40.406619038461535,-3.68418687692309,0.0,2021-05-26 16:15:20.302438,823.3046773747599,940.4699514578928
40.40663925384615,-3.6840660076923175,0.0,2021-05-26 16:15:22.181373,823.3037017864558,940.4693299517218
40.40665946923077,-3.683945138461545,0.0,2021-05-26 16:15:24.060308,823.3027261955019,940.4687084414479
40.40667968461538,-3.6838242692307723,0.0,2021-05-26 16:15:25.939243,823.301750601897,940.4680869270703
40.4066999,-3.6837033999999997,0.0,2021-05-26 16:15:27.818178,823.300775005642,940.46746540859
40.406720115384616,-3.6835825307692276,0.0,2021-05-26 16:15:29.697113,823.2997994067367,940.4668438860062
40.40674033076923,-3.683461661538455,0.0,2021-05-26 16:15:31.576048,823.2988238051806,940.4662223593194
40.40676054615385,-3.6833407923076824,0.0,2021-05-26 16:15:33.454983,823.2978482009747,940.4656008285297
40.406780761538464,-3.68321992307691,0.0,2021-05-26 16:15:35.333918,823.2968725941182,940.4649792936364
40.40680097692308,-3.6830990538461372,0.0,2021-05-26 16:15:37.212853,823.2958969846111,940.46435775464
40.406821192307696,-3.682978184615365,0.0,2021-05-26 16:15:39.091788,0.0,0.0
40.406841407692305,-3.6828573153846347,0.0,2021-05-26 16:15:40.970723,823.2939457576465,940.4631146643377
40.40686162307692,-3.6827364461538625,0.0,2021-05-26 16:15:42.849658,823.2929701401888,940.4624931130322
40.40688183846154,-3.68261557692309,0.0,2021-05-26 16:15:44.728593,823.2919945200803,940.4618715576228
40.40690205384615,-3.6824947076923173,0.0,2021-05-26 16:15:46.607528,823.2910188973218,940.4612499981107
40.40692226923077,-3.6823738384615448,0.0,2021-05-26 16:15:48.486463,0.0,0.0
40.406942484615385,-3.682252969230772,0.0,2021-05-26 16:15:50.365398,0.0,0.0
40.4069627,-3.6821321,0.0,2021-05-26 16:15:52.244333,0.0,0.0
40.40698291538462,-3.6820112307692274,0.0,2021-05-26 16:15:54.123268,0.0,0.0
40.40700313076923,-3.681890361538455,0.0,2021-05-26 16:15:56.002203,823.2861407437744,940.4581421390026
40.40702334615385,-3.6817694923076822,0.0,2021-05-26 16:15:57.881138,823.2851651051141,929.7173450559535
40.407043561538465,-3.6816486230769097,0.0,2021-05-26 16:15:59.760073,0.0,0.0
40.40706377692308,-3.6815277538461375,0.0,2021-05-26 16:16:01.639008,0.0,0.0
40.4070839923077,-3.681406884615365,0.0,2021-05-26 16:16:03.517943,821.4600435079846,939.2048888508383
40.407104207692306,-3.681286015384635,0.0,2021-05-26 16:16:05.396878,821.4590620862649,939.2042587124458
40.40712442307692,-3.6811651461538624,0.0,2021-05-26 16:16:07.275813,0.0,0.0
40.40714463846154,-3.6810442769230898,0.0,2021-05-26 16:16:09.154748,821.4570992349128,939.2029984233719
40.407164853846155,-3.680923407692317,0.0,2021-05-26 16:16:11.033683,821.4561178052809,929.1642924829957
40.40718506923077,-3.680802538461545,0.0,2021-05-26 16:16:12.912618,821.4551363730113,939.2017381179132
40.40720528461539,-3.6806816692307724,0.0,2021-05-26 16:16:14.791553,821.4541549381041,939.201107959039
40.4072255,-3.6805608,0.0,2021-05-26 16:16:16.670488,821.4531735005595,939.2004777960685
40.4072255,-3.6805608,0.0,2021-05-26 16:16:18.549423,821.4531735005595,939.2004777960685
40.407241525,-3.680431541666657,0.0,2021-05-26 16:16:20.428358,0.0,0.0
40.407257550000004,-3.680302283333314,0.0,2021-05-26 16:16:22.307293,0.0,0.0
40.407273575000005,-3.6801730249999713,0.0,2021-05-26 16:16:24.186228,821.4501051543267,929.1621058643555
40.4072896,-3.6800437666666856,0.0,2021-05-26 16:16:26.065163,821.4490823660221,939.1978051745074
40.407305625,-3.6799145083333427,0.0,2021-05-26 16:16:27.944098,821.4480595746043,929.161377646003
40.40732165,-3.67978525,0.0,2021-05-26 16:16:29.823033,821.4470367800725,939.1964688354535
40.407337675,-3.679655991666657,0.0,2021-05-26 16:16:31.701968,821.4460139824275,939.1958006588582
40.4073537,-3.679526733333314,0.0,2021-05-26 16:16:33.580903,0.0,0.0
40.407369724999995,-3.6793974750000285,0.0,2021-05-26 16:16:35.459838,0.0,0.0
40.407385749999996,-3.679268216666686,0.0,2021-05-26 16:16:37.338773,0.0,0.0
40.407401775,-3.679138958333343,0.0,2021-05-26 16:16:39.217708,0.0,0.0
40.4074178,-3.6790097,0.0,2021-05-26 16:16:41.096643,821.4408999475002,939.1924597051978
40.4074178,-3.6790097,0.0,2021-05-26 16:16:42.975578,821.4408999475002,939.1924597051978
40.407497691089105,-3.6789967108910893,0.0,2021-05-26 16:16:44.854513,821.4404223913667,939.1923119967099
40.40757758217821,-3.6789837217821786,0.0,2021-05-26 16:16:46.733448,821.439944833566,939.1921642862999
40.40765747326732,-3.678970732673268,0.0,2021-05-26 16:16:48.612383,821.4394672740987,939.1920165739687
40.407737364356436,-3.678957743564356,0.0,2021-05-26 16:16:50.491318,0.0,0.0
40.40781725544554,-3.678944754455445,0.0,2021-05-26 16:16:52.370253,821.4385121501625,939.1917211435401
40.40789714653465,-3.6789317653465345,0.0,2021-05-26 16:16:54.249188,821.4380345856941,929.1564254231522
40.40797703762376,-3.678918776237624,0.0,2021-05-26 16:16:56.128123,0.0,0.0
40.40805692871287,-3.678905787128713,0.0,2021-05-26 16:16:58.007058,0.0,0.0
40.408136819801975,-3.6788927980198025,0.0,2021-05-26 16:16:59.885993,0.0,0.0
40.40821671089109,-3.6788798089108905,0.0,2021-05-26 16:17:01.764928,0.0,0.0
40.4082966019802,-3.67886681980198,0.0,2021-05-26 16:17:03.643863,0.0,0.0
40.408376493069305,-3.678853830693069,0.0,2021-05-26 16:17:05.522798,0.0,0.0
40.40845638415841,-3.6788408415841585,0.0,2021-05-26 16:17:07.401733,819.599338446083,937.9212818324543
40.40853627524752,-3.678827852475248,0.0,2021-05-26 16:17:09.280668,819.598862392071,937.9211344517158
40.40861616633663,-3.678814863366337,0.0,2021-05-26 16:17:11.159603,819.5983863363978,937.9209870690607
40.40869605742574,-3.678801874257425,0.0,2021-05-26 16:17:13.038538,819.5979102790625,937.920839684489
40.40877594851485,-3.6787888851485144,0.0,2021-05-26 16:17:14.917473,819.5974342200657,937.9206922980005
40.40885583960396,-3.6787758960396038,0.0,2021-05-26 16:17:16.796408,0.0,0.0
40.40893573069307,-3.678762906930693,0.0,2021-05-26 16:17:18.675343,0.0,0.0
40.409015621782174,-3.6787499178217824,0.0,2021-05-26 16:17:20.554278,0.0,0.0
40.40909551287128,-3.6787369287128717,0.0,2021-05-26 16:17:22.433213,0.0,0.0
40.40917540396039,-3.678723939603961,0.0,2021-05-26 16:17:24.312148,0.0,0.0
40.409255295049505,-3.678710950495049,0.0,2021-05-26 16:17:26.191083,0.0,0.0
40.40933518613861,-3.6786979613861384,0.0,2021-05-26 16:17:28.070018,819.5941017605638,937.9196605389178
40.40941507722772,-3.6786849722772277,0.0,2021-05-26 16:17:29.948953,0.0,0.0
40.40949496831683,-3.678671983168317,0.0,2021-05-26 16:17:31.827888,819.5931496143234,937.9193657333594
40.409574859405936,-3.6786589940594063,0.0,2021-05-26 16:17:33.706823,0.0,0.0
40.409654750495044,-3.6786460049504957,0.0,2021-05-26 16:17:35.585758,0.0,0.0
40.40973464158416,-3.6786330158415836,0.0,2021-05-26 16:17:37.464693,0.0,0.0
40.409814532673266,-3.678620026732673,0.0,2021-05-26 16:17:39.343628,0.0,0.0
40.409894423762374,-3.6786070376237623,0.0,2021-05-26 16:17:41.222563,0.0,0.0
40.40997431485148,-3.6785940485148516,0.0,2021-05-26 16:17:43.101498,0.0,0.0
40.41005420594059,-3.678581059405941,0.0,2021-05-26 16:17:44.980433,819.5898170501408,928.5774300504742
40.4101340970297,-3.6785680702970303,0.0,2021-05-26 16:17:46.859368,819.5893409628972,928.5770304717113
40.41021398811881,-3.6785550811881182,0.0,2021-05-26 16:17:48.738303,819.5888648739916,928.576630891286
40.41029387920792,-3.6785420920792076,0.0,2021-05-26 16:17:50.617238,819.5883887834246,928.5762313091986
40.41037377029703,-3.678529102970297,0.0,2021-05-26 16:17:52.496173,819.5879126911958,928.5758317254489
40.410453661386136,-3.678516113861386,0.0,2021-05-26 16:17:54.375108,819.5874365973059,928.5754321400373
40.41053355247524,-3.6785031247524755,0.0,2021-05-26 16:17:56.254043,0.0,0.0
40.41061344356435,-3.6784901356435644,0.0,2021-05-26 16:17:58.132978,0.0,0.0
40.41069333465346,-3.6784771465346537,0.0,2021-05-26 16:18:00.011913,817.737672792051,936.6295984702024
40.410773225742574,-3.678464157425742,0.0,2021-05-26 16:18:01.890848,817.7371982330047,936.6294514005314
40.41085311683168,-3.6784511683168315,0.0,2021-05-26 16:18:03.769783,817.7367236723014,927.9877244684578
40.41093300792079,-3.678438179207921,0.0,2021-05-26 16:18:05.648718,817.7362491099424,927.9873259143476
40.4110128990099,-3.67842519009901,0.0,2021-05-26 16:18:07.527653,817.7357745459274,927.9869273585795
40.411092790099005,-3.678412200990099,0.0,2021-05-26 16:18:09.406588,817.7352999802555,927.986528801153
40.41117268118811,-3.6783992118811883,0.0,2021-05-26 16:18:11.285523,817.7348254129279,936.6287160235028
40.41125257227723,-3.678386222772277,0.0,2021-05-26 16:18:13.164458,817.7343508439442,927.985731681327
40.411332463366335,-3.678373233663366,0.0,2021-05-26 16:18:15.043393,0.0,0.0
40.41141235445544,-3.6783602445544554,0.0,2021-05-26 16:18:16.922328,0.0,0.0
40.41149224554455,-3.6783472554455443,0.0,2021-05-26 16:18:18.801263,817.7329271270556,936.6281276874753
40.41157213663366,-3.6783342663366336,0.0,2021-05-26 16:18:20.680198,817.7324525514471,936.62798059869
40.411652027722766,-3.678321277227723,0.0,2021-05-26 16:18:22.559133,817.7319779741825,936.6278335079934
40.41173191881188,-3.6783082881188114,0.0,2021-05-26 16:18:24.438068,817.7315033952617,936.6276864153854
40.41181180990099,-3.6782952990099007,0.0,2021-05-26 16:18:26.317003,817.7310288146847,936.6275393208658
40.4118917009901,-3.6782823099009896,0.0,2021-05-26 16:18:28.195938,817.7305542324514,927.9825431357041
40.411971592079205,-3.678269320792079,0.0,2021-05-26 16:18:30.074873,817.7300796485617,927.9821445600402
40.41205148316831,-3.6782563316831682,0.0,2021-05-26 16:18:31.953808,817.7296050630164,927.9817459827188
40.41213137425742,-3.6782433425742576,0.0,2021-05-26 16:18:33.832743,817.7291304758147,927.9813474037393
40.412211265346535,-3.678230353465346,0.0,2021-05-26 16:18:35.711678,817.7286558869569,927.9809488231018
40.41229115643564,-3.6782173643564353,0.0,2021-05-26 16:18:37.590613,817.7281812964427,927.9805502408065
40.41237104752475,-3.678204375247524,0.0,2021-05-26 16:18:39.469548,0.0,0.0
40.41245093861386,-3.6781913861386135,0.0,2021-05-26 16:18:41.348483,0.0,0.0
40.412530829702966,-3.678178397029703,0.0,2021-05-26 16:18:43.227418,817.7267575149635,936.6262153841781
40.412610720792074,-3.678165407920792,0.0,2021-05-26 16:18:45.106353,817.7262829178248,936.6260682705448
40.41269061188118,-3.6781524188118815,0.0,2021-05-26 16:18:46.985288,817.7258083190303,936.625921155
40.4127705029703,-3.6781394297029695,0.0,2021-05-26 16:18:48.864223,817.7253337185788,936.6257740375437
40.412850394059404,-3.678126440594059,0.0,2021-05-26 16:18:50.743158,817.7248591164721,936.6256269181765
40.41293028514851,-3.678113451485148,0.0,2021-05-26 16:18:52.622093,817.724384512709,936.6254797968978
40.41301017623762,-3.6781004623762374,0.0,2021-05-26 16:18:54.501028,817.7239099072895,936.6253326737074
40.41309006732673,-3.6780874732673268,0.0,2021-05-26 16:18:56.379963,817.723435300214,927.9765643266663
40.413169958415835,-3.678074484158416,0.0,2021-05-26 16:18:58.258898,817.7229606914822,936.6250384215928
40.41324984950495,-3.678061495049504,0.0,2021-05-26 16:19:00.137833,815.8612156290159,935.3190579150169
40.41332974059406,-3.6780485059405934,0.0,2021-05-26 16:19:02.016768,815.8607425761485,935.3189111609436
40.413409631683166,-3.6780355168316827,0.0,2021-05-26 16:19:03.895703,815.8602695216306,935.3187644049644
40.413489522772274,-3.678022527722772,0.0,2021-05-26 16:19:05.774638,815.8597964654617,935.3186176470788
40.41356941386138,-3.6780095386138614,0.0,2021-05-26 16:19:07.653573,815.8593234076425,935.3184708872874
40.41364930495049,-3.6779965495049507,0.0,2021-05-26 16:19:09.532508,815.8588503481723,935.3183241255897
40.413729196039604,-3.6779835603960387,0.0,2021-05-26 16:19:11.411443,815.8583772870512,935.3181773619857
40.41380908712871,-3.677970571287128,0.0,2021-05-26 16:19:13.290378,815.8579042242797,935.3180305964758
40.41388897821782,-3.6779575821782173,0.0,2021-05-26 16:19:15.169313,815.8574311598572,935.3178838290597
40.41396886930693,-3.6779445930693067,0.0,2021-05-26 16:19:17.048248,815.8569580937842,935.3177370597373
40.414048760396035,-3.677931603960396,0.0,2021-05-26 16:19:18.927183,815.8564850260605,935.3175902885089
40.41412865148514,-3.6779186148514853,0.0,2021-05-26 16:19:20.806118,815.8560119566856,935.3174435153744
40.41420854257425,-3.6779056257425746,0.0,2021-05-26 16:19:22.685053,815.8555388856606,935.3172967403339
40.414288433663366,-3.6778926366336626,0.0,2021-05-26 16:19:24.563988,815.8550658129844,935.3171499633867
40.41436832475247,-3.677879647524752,0.0,2021-05-26 16:19:26.442923,815.8545927386576,935.3170031845339
40.41444821584158,-3.6778666584158413,0.0,2021-05-26 16:19:28.321858,815.8541196626803,935.3168564037749
40.41452810693069,-3.6778536693069306,0.0,2021-05-26 16:19:30.200793,0.0,0.0
40.4146079980198,-3.67784068019802,0.0,2021-05-26 16:19:32.079728,0.0,0.0
40.414687889108905,-3.6778276910891092,0.0,2021-05-26 16:19:33.958663,815.852700424844,935.3164160500609
40.41476778019802,-3.677814701980197,0.0,2021-05-26 16:19:35.837598,815.8522273422639,935.3162692616773
40.41484767128713,-3.6778017128712865,0.0,2021-05-26 16:19:37.716533,815.851754258033,935.3161224713876
40.414927562376235,-3.677788723762376,0.0,2021-05-26 16:19:39.595468,815.8512811721512,935.3159756791916
40.41500745346534,-3.677775734653465,0.0,2021-05-26 16:19:41.474403,815.8508080846187,935.3158288850894
40.41508734455445,-3.6777627455445545,0.0,2021-05-26 16:19:43.353338,815.8503349954358,935.3156820890814
40.41516723564356,-3.677749756435644,0.0,2021-05-26 16:19:45.232273,815.849861904602,935.3155352911671
40.41524712673267,-3.677736767326732,0.0,2021-05-26 16:19:47.111208,815.8493888121175,927.3626003367
40.41532701782178,-3.677723778217821,0.0,2021-05-26 16:19:48.990143,815.8489157179825,927.3622027485385
40.41540690891089,-3.6777107891089105,0.0,2021-05-26 16:19:50.869078,0.0,0.0
40.4154868,-3.6776978,0.0,2021-05-26 16:19:52.748013,815.84796952476,927.3614075672533
40.4154868,-3.6776978,0.0,2021-05-26 16:19:54.626948,815.84796952476,927.3614075672533
40.415504286274505,-3.677577923529422,0.0,2021-05-26 16:19:56.505883,815.846991163473,935.3143001861077
40.41552177254901,-3.6774580470588445,0.0,2021-05-26 16:19:58.384818,815.8460127995887,935.3136522877472
40.41553925882353,-3.677338170588218,0.0,2021-05-26 16:20:00.263753,813.9708435180544,933.9888840924652
40.41555674509804,-3.6772182941176403,0.0,2021-05-26 16:20:02.142688,813.9698594410196,933.9882277201538
40.415574231372545,-3.6770984176470622,0.0,2021-05-26 16:20:04.021623,813.9688753614007,933.9875713438299
40.415591717647054,-3.6769785411764846,0.0,2021-05-26 16:20:05.900558,813.9678912791975,933.9869149634936
40.41560920392157,-3.676858664705858,0.0,2021-05-26 16:20:07.779493,813.966907194409,933.9862585791442
40.41562669019608,-3.6767387882352804,0.0,2021-05-26 16:20:09.658428,813.9659231070364,933.9856021907824
40.415644176470586,-3.676618911764703,0.0,2021-05-26 16:20:11.537363,813.9649390170797,933.9849457984084
40.415661662745094,-3.676499035294125,0.0,2021-05-26 16:20:13.416298,813.9639549245383,933.9842894020214
40.4156791490196,-3.6763791588235475,0.0,2021-05-26 16:20:15.295233,0.0,0.0
40.41569663529412,-3.676259282352921,0.0,2021-05-26 16:20:17.174168,0.0,0.0
40.41571412156863,-3.6761394058823433,0.0,2021-05-26 16:20:19.053103,813.961002631407,933.9823201887853
40.415731607843135,-3.6760195294117657,0.0,2021-05-26 16:20:20.932038,0.0,0.0
40.41574909411764,-3.6758996529411876,0.0,2021-05-26 16:20:22.810973,0.0,0.0
40.41576658039215,-3.67577977647061,0.0,2021-05-26 16:20:24.689908,0.0,0.0
40.41578406666667,-3.6756598999999834,0.0,2021-05-26 16:20:26.568843,813.957066204384,933.9796945149619
40.415801552941176,-3.675540023529406,0.0,2021-05-26 16:20:28.447778,813.9560820911672,933.9790380864747
40.415819039215684,-3.675420147058828,0.0,2021-05-26 16:20:30.326713,813.9550979753665,933.9783816539755
40.41583652549019,-3.6753002705882505,0.0,2021-05-26 16:20:32.205648,813.9541138569808,933.977725217463
40.41585401176471,-3.675180394117624,0.0,2021-05-26 16:20:34.084583,813.9531297360106,933.977068776938
40.415871498039216,-3.6750605176470463,0.0,2021-05-26 16:20:35.963518,813.9521456124564,933.9764123324007
40.415888984313725,-3.6749406411764687,0.0,2021-05-26 16:20:37.842453,813.9511614863183,933.9757558838513
40.41590647058823,-3.674820764705891,0.0,2021-05-26 16:20:39.721388,813.950177357595,933.975099431289
40.41592395686274,-3.674700888235313,0.0,2021-05-26 16:20:41.600323,813.949193226288,933.9744429747144
40.41594144313726,-3.674581011764687,0.0,2021-05-26 16:20:43.479258,0.0,0.0
40.415958929411765,-3.674461135294109,0.0,2021-05-26 16:20:45.358193,813.9472249559203,933.9731300495273
40.41597641568627,-3.674341258823531,0.0,2021-05-26 16:20:47.237128,813.94624081686,933.9724735809152
40.41599390196078,-3.6742213823529535,0.0,2021-05-26 16:20:49.116063,813.9452566752155,933.9718171082903
40.41601138823529,-3.674101505882376,0.0,2021-05-26 16:20:50.994998,813.9442725309867,933.9711606316532
40.416028874509806,-3.6739816294117493,0.0,2021-05-26 16:20:52.873933,0.0,0.0
40.416046360784314,-3.6738617529411717,0.0,2021-05-26 16:20:54.752868,813.9423042347759,933.9698476663414
40.41606384705882,-3.673741876470594,0.0,2021-05-26 16:20:56.631803,813.9413200827943,933.9691911776669
40.41608133333333,-3.6736220000000164,0.0,2021-05-26 16:20:58.510738,813.9403359282283,933.9685346849798
40.416098819607846,-3.67350212352939,0.0,2021-05-26 16:21:00.389673,812.0520702595835,932.62523319652
40.416116305882355,-3.6733822470588122,0.0,2021-05-26 16:21:02.268608,812.0510804140948,932.6245682411648
40.41613379215686,-3.673262370588234,0.0,2021-05-26 16:21:04.147543,0.0,0.0
40.41615127843137,-3.6731424941176565,0.0,2021-05-26 16:21:06.026478,0.0,0.0
40.41616876470588,-3.673022617647079,0.0,2021-05-26 16:21:07.905413,812.0481108621959,932.622573351063
40.416186250980395,-3.6729027411764523,0.0,2021-05-26 16:21:09.784348,812.0471210064186,932.6219083796839
40.416203737254904,-3.6727828647058747,0.0,2021-05-26 16:21:11.663283,812.04613114807,932.6212434042995
40.41622122352941,-3.672662988235297,0.0,2021-05-26 16:21:13.542218,0.0,0.0
40.41623870980392,-3.6725431117647194,0.0,2021-05-26 16:21:15.421153,0.0,0.0
40.41625619607843,-3.6724232352941417,0.0,2021-05-26 16:21:17.300088,0.0,0.0
40.416273682352944,-3.672303358823515,0.0,2021-05-26 16:21:19.179023,812.0421716889551,932.6185834627039
40.41629116862745,-3.6721834823529376,0.0,2021-05-26 16:21:21.057958,0.0,0.0
40.41630865490196,-3.6720636058823595,0.0,2021-05-26 16:21:22.936893,812.0401919439662,932.6172534678717
40.41632614117647,-3.671943729411782,0.0,2021-05-26 16:21:24.815828,812.0392020676139,932.6165884644472
40.416343627450985,-3.6718238529411553,0.0,2021-05-26 16:21:26.694763,812.0382121886895,932.6159234570167
40.41636111372549,-3.6717039764705777,0.0,2021-05-26 16:21:28.573698,812.0372223071936,932.6152584455805
40.4163786,-3.6715841,0.0,2021-05-26 16:21:30.452633,812.0362324231256,932.6145934301387
40.4163786,-3.6715841,0.0,2021-05-26 16:21:32.331568,812.0362324231256,932.6145934301387
40.4165815,-3.6715642,0.0,2021-05-26 16:21:34.210503,0.0,0.0
40.4165815,-3.6715642,0.0,2021-05-26 16:21:36.089438,0.0,0.0
40.41657285,-3.671433518750027,0.0,2021-05-26 16:21:37.968373,812.0341879378534,932.6135946763434
40.416564199999996,-3.6713028374999466,0.0,2021-05-26 16:21:39.847308,812.0332376791902,932.6128959951654
40.41655555,-3.6711721562499733,0.0,2021-05-26 16:21:41.726243,812.0322874167316,932.6121973088274
40.4165469,-3.671041475,0.0,2021-05-26 16:21:43.605178,812.0313371504762,932.6114986173285
40.41653825,-3.6709107937500267,0.0,2021-05-26 16:21:45.484113,812.0303868804257,932.6107999206693
40.416529600000004,-3.670780112500054,0.0,2021-05-26 16:21:47.363048,812.0294366065785,932.6101012188496
40.41652095,-3.670649431249973,0.0,2021-05-26 16:21:49.241983,812.0284863289345,932.6094025118687
40.4165123,-3.6705187500000003,0.0,2021-05-26 16:21:51.120918,812.0275360474951,932.6087037997278
40.41650365,-3.670388068750027,0.0,2021-05-26 16:21:52.999853,812.0265857622596,932.6080050824261
40.416495,-3.6702573874999462,0.0,2021-05-26 16:21:54.878788,812.0256354732272,932.6073063599634
40.41648635,-3.6701267062499734,0.0,2021-05-26 16:21:56.757723,812.0246851803994,932.6066076323409
40.4164777,-3.669996025,0.0,2021-05-26 16:21:58.636658,812.0237348837758,932.6059088995579
40.41646905,-3.669865343750027,0.0,2021-05-26 16:22:00.515593,0.0,0.0
40.416460400000005,-3.6697346625000535,0.0,2021-05-26 16:22:02.394528,0.0,0.0
40.41645175,-3.6696039812499732,0.0,2021-05-26 16:22:04.273463,0.0,0.0
40.4164431,-3.6694733,0.0,2021-05-26 16:22:06.152398,810.11958549273,931.2419454919833
40.4164431,-3.6694733,0.0,2021-05-26 16:22:08.031333,810.11958549273,931.2419454919833
40.41653360357143,-3.669459482142857,0.0,2021-05-26 16:22:09.910268,810.1190618463306,931.2417854504555
40.41662410714286,-3.6694456642857145,0.0,2021-05-26 16:22:11.789203,810.1185381978205,925.4193253024412
40.41671461071429,-3.6694318464285716,0.0,2021-05-26 16:22:13.668138,810.1180145472,931.2414653601124
40.416805114285715,-3.6694180285714286,0.0,2021-05-26 16:22:15.547073,810.1174908944689,925.4184366873751
40.41689561785714,-3.6694042107142857,0.0,2021-05-26 16:22:17.426008,0.0,0.0
40.41698612142857,-3.669390392857143,0.0,2021-05-26 16:22:19.304943,0.0,0.0
40.417076625,-3.6693765750000003,0.0,2021-05-26 16:22:21.183878,0.0,0.0
40.41716712857143,-3.6693627571428573,0.0,2021-05-26 16:22:23.062813,0.0,0.0
40.41725763214286,-3.6693489392857144,0.0,2021-05-26 16:22:24.941748,0.0,0.0
40.417348135714285,-3.669335121428572,0.0,2021-05-26 16:22:26.820683,0.0,0.0
40.41743863928571,-3.669321303571429,0.0,2021-05-26 16:22:28.699618,0.0,0.0
40.41752914285714,-3.669307485714286,0.0,2021-05-26 16:22:30.578553,810.1133015966456,931.2400248333267
40.41761964642857,-3.669293667857143,0.0,2021-05-26 16:22:32.457488,810.1127779249209,931.2398647626497
40.417710150000005,-3.6692798499999992,0.0,2021-05-26 16:22:34.336423,0.0,0.0
40.41780065357143,-3.6692660321428567,0.0,2021-05-26 16:22:36.215358,0.0,0.0
40.41789115714286,-3.669252214285714,0.0,2021-05-26 16:22:38.094293,810.1112068970838,931.239384536043
40.41798166071429,-3.669238396428571,0.0,2021-05-26 16:22:39.973228,810.1106832169176,931.2392244556495
40.41807216428572,-3.669224578571428,0.0,2021-05-26 16:22:41.852163,0.0,0.0
40.418162667857146,-3.6692107607142854,0.0,2021-05-26 16:22:43.731098,0.0,0.0
40.418253171428574,-3.6691969428571425,0.0,2021-05-26 16:22:45.610033,0.0,0.0
40.418343675,-3.6691831249999995,0.0,2021-05-26 16:22:47.488968,0.0,0.0
40.41843417857143,-3.6691693071428566,0.0,2021-05-26 16:22:49.367903,810.1080647844286,931.2384240172433
40.41852468214286,-3.669155489285714,0.0,2021-05-26 16:22:51.246838,810.1075410915996,931.2382639222745
40.41861518571429,-3.669141671428571,0.0,2021-05-26 16:22:53.125773,0.0,0.0
40.418705689285716,-3.6691278535714282,0.0,2021-05-26 16:22:55.004708,810.1064936996104,925.4091057184888
40.418796192857144,-3.6691140357142853,0.0,2021-05-26 16:22:56.883643,810.10597000045,925.4086613633758
40.41888669642857,-3.669100217857143,0.0,2021-05-26 16:22:58.762578,810.1054462991798,931.2376235181093
40.4189772,-3.6690864,0.0,2021-05-26 16:23:00.641513,808.1917976019743,929.8580937493809
40.4189772,-3.6690864,0.0,2021-05-26 16:23:02.520448,808.1917976019743,929.8580937493809
40.41906972586207,-3.669078362068965,0.0,2021-05-26 16:23:04.399383,808.1913109033255,929.8579644468616
40.41916225172414,-3.6690703241379308,0.0,2021-05-26 16:23:06.278318,808.1908242023763,929.8578351417726
40.419254777586204,-3.6690622862068967,0.0,2021-05-26 16:23:08.157253,808.1903374991267,929.8577058341139
40.419347303448276,-3.669054248275862,0.0,2021-05-26 16:23:10.036188,808.1898507935762,929.8575765238847
40.41943982931035,-3.669046210344827,0.0,2021-05-26 16:23:11.915123,808.1893640857248,929.8574472110859
40.419532355172414,-3.669038172413793,0.0,2021-05-26 16:23:13.794058,808.1888773755733,929.8573178957174
40.41962488103448,-3.669030134482759,0.0,2021-05-26 16:23:15.672993,808.1883906631206,929.8571885777785
40.41971740689655,-3.669022096551724,0.0,2021-05-26 16:23:17.551928,808.1879039483673,929.8570592572697
40.419809932758625,-3.6690140586206894,0.0,2021-05-26 16:23:19.430863,808.1874172313134,924.7298377712399
40.41990245862069,-3.669006020689655,0.0,2021-05-26 16:23:21.309798,808.1869305119588,929.8568006085424
40.419994984482756,-3.6689979827586208,0.0,2021-05-26 16:23:23.188733,808.1864437903035,924.7289651666786
40.42008751034483,-3.6689899448275862,0.0,2021-05-26 16:23:25.067668,808.1859570663478,929.8565419495352
40.4201800362069,-3.6689819068965512,0.0,2021-05-26 16:23:26.946603,808.185470340091,929.8564126161766
40.420272562068966,-3.668973868965517,0.0,2021-05-26 16:23:28.825538,808.184983611534,929.8562832802482
40.42036508793103,-3.668965831034483,0.0,2021-05-26 16:23:30.704473,808.184496880676,929.8561539417497
40.420457613793104,-3.668957793103448,0.0,2021-05-26 16:23:32.583408,808.1840101475174,929.8560246006813
40.42055013965518,-3.6689497551724135,0.0,2021-05-26 16:23:34.462343,808.1835234120584,929.855895257043
40.42064266551724,-3.668941717241379,0.0,2021-05-26 16:23:36.341278,808.1830366742984,929.8557659108345
40.42073519137931,-3.668933679310345,0.0,2021-05-26 16:23:38.220213,808.1825499342381,929.8556365620565
40.42082771724138,-3.6689256413793103,0.0,2021-05-26 16:23:40.099148,0.0,0.0
40.42092024310345,-3.6689176034482753,0.0,2021-05-26 16:23:41.978083,0.0,0.0
40.42101276896552,-3.6689095655172412,0.0,2021-05-26 16:23:43.857018,0.0,0.0
40.42110529482758,-3.668901527586207,0.0,2021-05-26 16:23:45.735953,808.1806029509892,929.8551191412437
40.421197820689656,-3.668893489655172,0.0,2021-05-26 16:23:47.614888,0.0,0.0
40.42129034655173,-3.6688854517241376,0.0,2021-05-26 16:23:49.493823,0.0,0.0
40.421382872413794,-3.6688774137931035,0.0,2021-05-26 16:23:51.372758,0.0,0.0
40.42147539827586,-3.668869375862069,0.0,2021-05-26 16:23:53.251693,0.0,0.0
40.42156792413793,-3.6688613379310344,0.0,2021-05-26 16:23:55.130628,808.1781691701643,929.8544723074036
40.421660450000005,-3.6688532999999994,0.0,2021-05-26 16:23:57.009563,808.1776824070973,929.854342932926
40.42175297586207,-3.6688452620689653,0.0,2021-05-26 16:23:58.888498,808.17719564173,929.8542135558781
40.421845501724135,-3.6688372241379312,0.0,2021-05-26 16:24:00.767433,806.2508640011688,924.0286904441859
40.42193802758621,-3.6688291862068962,0.0,2021-05-26 16:24:02.646368,806.2503794970517,928.456420471972
40.42203055344828,-3.6688211482758617,0.0,2021-05-26 16:24:04.525303,806.2498949906402,928.4562921032615
40.422123079310346,-3.6688131103448276,0.0,2021-05-26 16:24:06.404238,806.2494104819343,924.0273868103474
40.42221560517241,-3.6688050724137935,0.0,2021-05-26 16:24:08.283173,806.248925970934,928.4560353581498
40.422308131034484,-3.6687970344827585,0.0,2021-05-26 16:24:10.162108,806.2484414576395,928.455906981749
40.422400656896556,-3.6687889965517235,0.0,2021-05-26 16:24:12.041043,0.0,0.0
40.42249318275862,-3.6687809586206894,0.0,2021-05-26 16:24:13.919978,806.2474724241674,928.4556502212565
40.42258570862069,-3.6687729206896553,0.0,2021-05-26 16:24:15.798913,806.2469879039902,928.4555218371653
40.42267823448276,-3.668764882758621,0.0,2021-05-26 16:24:17.677848,0.0,0.0
40.42277076034483,-3.668756844827586,0.0,2021-05-26 16:24:19.556783,0.0,0.0
40.4228632862069,-3.6687488068965517,0.0,2021-05-26 16:24:21.435718,0.0,0.0
40.42295581206896,-3.6687407689655176,0.0,2021-05-26 16:24:23.314653,0.0,0.0
40.423048337931036,-3.6687327310344826,0.0,2021-05-26 16:24:25.193588,0.0,0.0
40.42314086379311,-3.668724693103448,0.0,2021-05-26 16:24:27.072523,806.2440807347448,928.454751478784
40.423233389655174,-3.6687166551724135,0.0,2021-05-26 16:24:28.951458,806.2435961985071,928.4546230767482
40.42332591551724,-3.6687086172413794,0.0,2021-05-26 16:24:30.830393,806.2431116599752,928.4544946721493
40.42341844137931,-3.668700579310345,0.0,2021-05-26 16:24:32.709328,806.2426271191489,928.4543662649867
40.423510967241384,-3.66869254137931,0.0,2021-05-26 16:24:34.588263,806.2421425760284,928.4542378552607
40.42360349310345,-3.668684503448276,0.0,2021-05-26 16:24:36.467198,0.0,0.0
40.423696018965515,-3.6686764655172417,0.0,2021-05-26 16:24:38.346133,0.0,0.0
40.42378854482759,-3.6686684275862067,0.0,2021-05-26 16:24:40.225068,806.2406889329013,928.4538526107018
40.42388107068966,-3.668660389655172,0.0,2021-05-26 16:24:42.104003,806.2402043806031,928.4537241907216
40.423973596551726,-3.6686523517241376,0.0,2021-05-26 16:24:43.982938,806.2397198260113,928.4535957681782
40.42406612241379,-3.6686443137931035,0.0,2021-05-26 16:24:45.861873,806.2392352691253,928.4534673430716
40.42415864827586,-3.668636275862069,0.0,2021-05-26 16:24:47.740808,806.2387507099447,928.4533389154012
40.424251174137936,-3.668628237931034,0.0,2021-05-26 16:24:49.619743,806.2382661484696,928.4532104851673
40.4243437,-3.6686202,0.0,2021-05-26 16:24:51.498678,806.2377815847008,924.0169570019906
40.4243437,-3.6686202,0.0,2021-05-26 16:24:53.377613,806.2377815847008,924.0169570019906
40.42435482631579,-3.6687415105263277,0.0,2021-05-26 16:24:55.256548,806.2386688524228,928.453754783076
40.42436595263158,-3.668862821052656,0.0,2021-05-26 16:24:57.135483,806.2395561167933,928.4544275092746
40.42437707894737,-3.6689841315789837,0.0,2021-05-26 16:24:59.014418,806.2404433778122,928.4551002309667
40.424388205263156,-3.6691054421052347,0.0,2021-05-26 16:25:00.893353,0.0,0.0
40.42439933157895,-3.6692267526315625,0.0,2021-05-26 16:25:02.772288,0.0,0.0
40.42441045789474,-3.6693480631578907,0.0,2021-05-26 16:25:04.651223,0.0,0.0
40.42442158421053,-3.6694693736842185,0.0,2021-05-26 16:25:06.530158,0.0,0.0
40.42443271052632,-3.6695906842105463,0.0,2021-05-26 16:25:08.409093,0.0,0.0
40.42444383684211,-3.6697119947368746,0.0,2021-05-26 16:25:10.288028,0.0,0.0
40.42445496315789,-3.669833305263125,0.0,2021-05-26 16:25:12.166963,0.0,0.0
40.42446608947368,-3.6699546157894534,0.0,2021-05-26 16:25:14.045898,0.0,0.0
40.42447721578947,-3.670075926315781,0.0,2021-05-26 16:25:15.924833,0.0,0.0
40.42448834210526,-3.670197236842109,0.0,2021-05-26 16:25:17.803768,0.0,0.0
40.424499468421054,-3.670318547368437,0.0,2021-05-26 16:25:19.682703,0.0,0.0
40.424510594736844,-3.670439857894765,0.0,2021-05-26 16:25:21.561638,0.0,0.0
40.42452172105263,-3.670561168421016,0.0,2021-05-26 16:25:23.440573,0.0,0.0
40.42453284736842,-3.670682478947344,0.0,2021-05-26 16:25:25.319508,0.0,0.0
40.42454397368421,-3.670803789473672,0.0,2021-05-26 16:25:27.198443,0.0,0.0
40.4245551,-3.6709251,0.0,2021-05-26 16:25:29.077378,0.0,0.0
40.4245551,-3.6709251,0.0,2021-05-26 16:25:30.956313,0.0,0.0
40.4244386,-3.6709354799999994,0.0,2021-05-26 16:25:32.835248,0.0,0.0
40.4243221,-3.6709458599999993,0.0,2021-05-26 16:25:34.714183,0.0,0.0
40.4242056,-3.6709562399999993,0.0,2021-05-26 16:25:36.593118,0.0,0.0
40.424089099999996,-3.6709666199999993,0.0,2021-05-26 16:25:38.472053,0.0,0.0
40.4239726,-3.670976999999999,0.0,2021-05-26 16:25:40.350988,0.0,0.0
40.4239726,-3.670976999999999,0.0,2021-05-26 16:25:42.229923,0.0,0.0
