Latitud,Longitud,Tunel,Tiempo,GHI,POA
40.4088697,-3.6923659,0.0,2021-05-25 11:50:54.000000,790.1624751497375,917.9467493009921
40.40886664615384,-3.692310307692258,0.0,2021-05-25 11:50:55.758112,790.1629411754427,917.9469490302483
40.40886359230769,-3.6922547153846454,0.0,2021-05-25 11:50:57.516224,790.16340720057,917.9471487586633
40.40886053846153,-3.6921991230769033,0.0,2021-05-25 11:50:59.274336,0.0,0.0
40.40885748461538,-3.6921435307692905,0.0,2021-05-25 11:51:01.032448,792.1942376290366,919.0819700746126
40.408854430769225,-3.6920879384615484,0.0,2021-05-25 11:51:02.790560,792.1947009687945,919.0823134999824
40.40885137692307,-3.6920323461538063,0.0,2021-05-25 11:51:04.548672,0.0,0.0
40.40884832307692,-3.691976753846194,0.0,2021-05-25 11:51:06.306784,0.0,0.0
40.40884526923076,-3.6919211615384517,0.0,2021-05-25 11:51:08.064896,0.0,0.0
40.4088422153846,-3.6918655692307096,0.0,2021-05-25 11:51:09.823008,792.1965543220264,918.7793868717507
40.40883916153845,-3.6918099769230968,0.0,2021-05-25 11:51:11.581120,792.1970176588844,918.7795827386308
40.408836107692295,-3.6917543846153547,0.0,2021-05-25 11:51:13.339232,792.197480995163,918.7797786046701
40.408833053846145,-3.6916987923077422,0.0,2021-05-25 11:51:15.097344,792.1979443308609,918.7799744698677
40.40882999999999,-3.6916432,0.0,2021-05-25 11:51:16.855456,792.19840766598,918.7801703342246
40.40882999999999,-3.6916432,0.0,2021-05-25 11:51:18.613568,792.19840766598,918.7801703342246
40.40891879059828,-3.691653054700855,0.0,2021-05-25 11:51:20.371680,792.1979349162399,918.7797530564471
40.40900758119657,-3.6916629094017095,0.0,2021-05-25 11:51:22.129792,792.1974621644678,918.7793357766361
40.40909637179486,-3.6916727641025644,0.0,2021-05-25 11:51:23.887904,792.1969894106652,918.7789184947926
40.40918516239315,-3.691682618803419,0.0,2021-05-25 11:51:25.646016,792.1965166548308,918.7785012109159
40.40927395299144,-3.6916924735042738,0.0,2021-05-25 11:51:27.404128,0.0,0.0
40.40936274358973,-3.6917023282051282,0.0,2021-05-25 11:51:29.162240,0.0,0.0
40.40945153418802,-3.691712182905983,0.0,2021-05-25 11:51:30.920352,792.1950983751425,918.7772493470898
40.40954032478631,-3.6917220376068376,0.0,2021-05-25 11:51:32.678464,792.1946256111845,918.7768320550822
40.409629115384604,-3.6917318923076925,0.0,2021-05-25 11:51:34.436576,792.194152845195,918.7764147610415
40.409717905982895,-3.691741747008547,0.0,2021-05-25 11:51:36.194688,0.0,0.0
40.409806696581185,-3.691751601709402,0.0,2021-05-25 11:51:37.952800,0.0,0.0
40.409895487179476,-3.6917614564102563,0.0,2021-05-25 11:51:39.710912,0.0,0.0
40.40998427777777,-3.6917713111111112,0.0,2021-05-25 11:51:41.469024,0.0,0.0
40.41007306837606,-3.691781165811966,0.0,2021-05-25 11:51:43.227136,0.0,0.0
40.41016185897435,-3.6917910205128206,0.0,2021-05-25 11:51:44.985248,792.1913162066057,919.0830351643943
40.41025064957264,-3.6918008752136755,0.0,2021-05-25 11:51:46.743360,792.1908434263985,918.773493645838
40.41033944017093,-3.69181072991453,0.0,2021-05-25 11:51:48.501472,0.0,0.0
40.41042823076922,-3.691820584615385,0.0,2021-05-25 11:51:50.259584,0.0,0.0
40.41051702136751,-3.6918304393162393,0.0,2021-05-25 11:51:52.017696,0.0,0.0
40.4106058119658,-3.6918402940170942,0.0,2021-05-25 11:51:53.775808,0.0,0.0
40.41069460256409,-3.6918501487179487,0.0,2021-05-25 11:51:55.533920,0.0,0.0
40.41078339316238,-3.6918600034188036,0.0,2021-05-25 11:51:57.292032,792.1880067025036,918.7709897535265
40.410872183760674,-3.691869858119658,0.0,2021-05-25 11:51:59.050144,792.1875339080791,918.7705724310265
40.410960974358964,-3.691879712820513,0.0,2021-05-25 11:52:00.808256,0.0,0.0
40.411049764957255,-3.6918895675213674,0.0,2021-05-25 11:52:02.566368,794.2039007468117,920.6056520715431
40.411138555555546,-3.6918994222222223,0.0,2021-05-25 11:52:04.324480,0.0,0.0
40.41122734615384,-3.6919092769230772,0.0,2021-05-25 11:52:06.082592,0.0,0.0
40.41131613675213,-3.6919191316239317,0.0,2021-05-25 11:52:07.840704,0.0,0.0
40.41140492735042,-3.6919289863247866,0.0,2021-05-25 11:52:09.598816,0.0,0.0
40.41149371794871,-3.691938841025641,0.0,2021-05-25 11:52:11.356928,794.2015257909994,919.5807204015554
40.411582508547,-3.691948695726496,0.0,2021-05-25 11:52:13.115040,0.0,0.0
40.41167129914529,-3.6919585504273504,0.0,2021-05-25 11:52:14.873152,0.0,0.0
40.41176008974358,-3.6919684051282053,0.0,2021-05-25 11:52:16.631264,794.2001007930633,919.5794632900332
40.41184888034187,-3.69197825982906,0.0,2021-05-25 11:52:18.389376,794.1996257896761,919.579044248783
40.41193767094016,-3.6919881145299147,0.0,2021-05-25 11:52:20.147488,794.199150784253,919.578625205496
40.41202646153845,-3.691997969230769,0.0,2021-05-25 11:52:21.905600,794.1986757767913,920.6041560950063
40.41211525213674,-3.692007823931624,0.0,2021-05-25 11:52:23.663712,0.0,0.0
40.412204042735034,-3.6920176786324785,0.0,2021-05-25 11:52:25.421824,0.0,0.0
40.412292833333325,-3.6920275333333334,0.0,2021-05-25 11:52:27.179936,794.1972507421822,919.5769490119685
40.412381623931616,-3.6920373880341883,0.0,2021-05-25 11:52:28.938048,794.1967757265711,919.5765299584923
40.412470414529906,-3.692047242735043,0.0,2021-05-25 11:52:30.696160,794.1963007089231,920.6034760132769
40.4125592051282,-3.6920570974358977,0.0,2021-05-25 11:52:32.454272,794.1958256892378,920.6033399900018
40.41264799572649,-3.692066952136752,0.0,2021-05-25 11:52:34.212384,0.0,0.0
40.41273678632478,-3.692076806837607,0.0,2021-05-25 11:52:35.970496,794.1948756437544,919.5748537242101
40.41282557692307,-3.6920866615384615,0.0,2021-05-25 11:52:37.728608,794.1944006179563,919.574434660545
40.41291436752136,-3.6920965162393165,0.0,2021-05-25 11:52:39.486720,794.1939255901218,919.5740155948425
40.41300315811965,-3.692106370940171,0.0,2021-05-25 11:52:41.244832,794.1934505602495,919.573596527102
40.41309194871794,-3.692116225641026,0.0,2021-05-25 11:52:43.002944,0.0,0.0
40.41318073931623,-3.6921260803418803,0.0,2021-05-25 11:52:44.761056,0.0,0.0
40.41326952991452,-3.692135935042735,0.0,2021-05-25 11:52:46.519168,0.0,0.0
40.41335832051281,-3.6921457897435896,0.0,2021-05-25 11:52:48.277280,0.0,0.0
40.413447111111104,-3.6921556444444446,0.0,2021-05-25 11:52:50.035392,0.0,0.0
40.413535901709395,-3.6921654991452995,0.0,2021-05-25 11:52:51.793504,0.0,0.0
40.413624692307685,-3.692175353846154,0.0,2021-05-25 11:52:53.551616,0.0,0.0
40.413713482905976,-3.692185208547009,0.0,2021-05-25 11:52:55.309728,794.1896502479259,919.5702439118198
40.41380227350427,-3.6921950632478633,0.0,2021-05-25 11:52:57.067840,794.1891751997177,919.5698248257397
40.41389106410256,-3.692204917948718,0.0,2021-05-25 11:52:58.825952,794.1887001494719,919.569405737622
40.41397985470085,-3.6922147726495727,0.0,2021-05-25 11:53:00.584064,796.1929179615985,920.3643126794697
40.41406864529914,-3.6922246273504276,0.0,2021-05-25 11:53:02.342176,796.1924407388175,920.363891908238
40.41415743589743,-3.692234482051282,0.0,2021-05-25 11:53:04.100288,0.0,0.0
40.41424622649572,-3.692244336752137,0.0,2021-05-25 11:53:05.858400,796.1914862871251,920.363050359647
40.41433501709401,-3.6922541914529914,0.0,2021-05-25 11:53:07.616512,796.1910090582132,920.3626295822874
40.4144238076923,-3.6922640461538463,0.0,2021-05-25 11:53:09.374624,796.1905318272576,920.3622088028851
40.41451259829059,-3.6922739008547008,0.0,2021-05-25 11:53:11.132736,0.0,0.0
40.41460138888888,-3.6922837555555557,0.0,2021-05-25 11:53:12.890848,796.1895773592157,920.3613672379524
40.414690179487174,-3.6922936102564106,0.0,2021-05-25 11:53:14.648960,0.0,0.0
40.414778970085464,-3.692303464957265,0.0,2021-05-25 11:53:16.407072,0.0,0.0
40.414867760683755,-3.69231331965812,0.0,2021-05-25 11:53:18.165184,0.0,0.0
40.414956551282046,-3.6923231743589744,0.0,2021-05-25 11:53:19.923296,796.1876683986102,920.3596840835762
40.41504534188034,-3.6923330290598293,0.0,2021-05-25 11:53:21.681408,796.1871911533491,920.3592632898751
40.41513413247863,-3.6923428837606838,0.0,2021-05-25 11:53:23.439520,796.1867139060452,920.3588424941322
40.41522292307692,-3.6923527384615387,0.0,2021-05-25 11:53:25.197632,796.1862366566972,920.3584216963459
40.41531171367521,-3.692362593162393,0.0,2021-05-25 11:53:26.955744,0.0,0.0
40.4154005042735,-3.692372447863248,0.0,2021-05-25 11:53:28.713856,0.0,0.0
40.41548929487179,-3.6923823025641025,0.0,2021-05-25 11:53:30.471968,0.0,0.0
40.41557808547008,-3.6923921572649574,0.0,2021-05-25 11:53:32.230080,796.1843276388704,920.3567384847754
40.41566687606837,-3.692402011965812,0.0,2021-05-25 11:53:33.988192,796.1838503793037,920.3563176767757
40.41575566666666,-3.6924118666666668,0.0,2021-05-25 11:53:35.746304,796.1833731176946,920.3558968667339
40.41584445726495,-3.6924217213675217,0.0,2021-05-25 11:53:37.504416,796.1828958540415,920.3554760546493
40.415933247863244,-3.692431576068376,0.0,2021-05-25 11:53:39.262528,796.1824185883453,920.3550552405221
40.416022038461534,-3.692441430769231,0.0,2021-05-25 11:53:41.020640,796.1819413206053,920.3546344243525
40.416110829059825,-3.6924512854700855,0.0,2021-05-25 11:53:42.778752,796.1814640508211,920.3542136061399
40.416199619658116,-3.6924611401709404,0.0,2021-05-25 11:53:44.536864,796.1809867789941,920.3537927858849
40.416288410256406,-3.692470994871795,0.0,2021-05-25 11:53:46.294976,796.1805095051227,920.353371963587
40.4163772008547,-3.6924808495726498,0.0,2021-05-25 11:53:48.053088,796.1800322292085,920.3529511392466
40.41646599145299,-3.6924907042735042,0.0,2021-05-25 11:53:49.811200,796.1795549512506,920.3525303128638
40.41655478205128,-3.692500558974359,0.0,2021-05-25 11:53:51.569312,796.1790776712493,922.1030174966759
40.41664357264957,-3.6925104136752136,0.0,2021-05-25 11:53:53.327424,796.1786003892036,922.1028804819562
40.41673236324786,-3.6925202683760685,0.0,2021-05-25 11:53:55.085536,796.1781231051152,920.351267821459
40.41682115384615,-3.692530123076923,0.0,2021-05-25 11:53:56.843648,796.1776458189821,920.3508469869054
40.41690994444444,-3.692539977777778,0.0,2021-05-25 11:53:58.601760,796.1771685308064,920.3504261503093
40.41699873504273,-3.6925498324786328,0.0,2021-05-25 11:54:00.359872,798.1687225203144,921.1275869657347
40.41708752564102,-3.6925596871794872,0.0,2021-05-25 11:54:02.117984,0.0,0.0
40.41717631623931,-3.692569541880342,0.0,2021-05-25 11:54:03.876096,798.167763633117,921.1267419588769
40.417265106837604,-3.6925793965811966,0.0,2021-05-25 11:54:05.634208,798.1672841864435,921.1263194523764
40.417353897435895,-3.6925892512820515,0.0,2021-05-25 11:54:07.392320,798.1668047377202,921.1258969438287
40.417442688034185,-3.692599105982906,0.0,2021-05-25 11:54:09.150432,798.1663252869469,921.1254744332332
40.417531478632476,-3.692608960683761,0.0,2021-05-25 11:54:10.908544,0.0,0.0
40.41762026923077,-3.6926188153846153,0.0,2021-05-25 11:54:12.666656,0.0,0.0
40.41770905982906,-3.6926286700854702,0.0,2021-05-25 11:54:14.424768,0.0,0.0
40.41779785042735,-3.6926385247863247,0.0,2021-05-25 11:54:16.182880,0.0,0.0
40.41788664102564,-3.6926483794871796,0.0,2021-05-25 11:54:17.940992,0.0,0.0
40.41797543162393,-3.692658234188034,0.0,2021-05-25 11:54:19.699104,798.1634485392614,923.5884796387692
40.41806422222222,-3.692668088888889,0.0,2021-05-25 11:54:21.457216,0.0,0.0
40.41815301282051,-3.692677943589744,0.0,2021-05-25 11:54:23.215328,798.1624896069677,923.5882037881446
40.4182418034188,-3.6926877982905983,0.0,2021-05-25 11:54:24.973440,798.1620101377457,923.5880658593476
40.41833059401709,-3.6926976529914532,0.0,2021-05-25 11:54:26.731552,798.1615306664745,921.1212492146665
40.41841938461538,-3.6927075076923077,0.0,2021-05-25 11:54:28.489664,798.1610511931533,921.1208266815482
40.418508175213674,-3.6927173623931626,0.0,2021-05-25 11:54:30.247776,0.0,0.0
40.418596965811965,-3.692727217094017,0.0,2021-05-25 11:54:32.005888,0.0,0.0
40.418685756410255,-3.692737071794872,0.0,2021-05-25 11:54:33.764000,798.159612760891,923.5873761805252
40.418774547008546,-3.6927469264957264,0.0,2021-05-25 11:54:35.522112,0.0,0.0
40.41886333760684,-3.6927567811965814,0.0,2021-05-25 11:54:37.280224,0.0,0.0
40.41895212820513,-3.692766635897436,0.0,2021-05-25 11:54:39.038336,0.0,0.0
40.41904091880342,-3.6927764905982907,0.0,2021-05-25 11:54:40.796448,798.1576948225112,921.1178688923926
40.41912970940171,-3.692786345299145,0.0,2021-05-25 11:54:42.554560,0.0,0.0
40.4192185,-3.6927962,0.0,2021-05-25 11:54:44.312672,798.1567358410219,921.1170237913491
40.4192185,-3.6927962,0.0,2021-05-25 11:54:46.070784,798.1567358410219,921.1170237913491
40.419236474193546,-3.6926781290322688,0.0,2021-05-25 11:54:47.828896,0.0,0.0
40.41925444838709,-3.6925600580645375,0.0,2021-05-25 11:54:49.587008,798.1584482400659,923.587912623342
40.41927242258065,-3.692441987096759,0.0,2021-05-25 11:54:51.345120,0.0,0.0
40.419290396774194,-3.6923239161290278,0.0,2021-05-25 11:54:53.103232,0.0,0.0
40.41930837096774,-3.6922058451612965,0.0,2021-05-25 11:54:54.861344,0.0,0.0
40.41932634516129,-3.692087774193565,0.0,2021-05-25 11:54:56.619456,0.0,0.0
40.41934431935484,-3.6919697032257868,0.0,2021-05-25 11:54:58.377568,0.0,0.0
40.41936229354839,-3.6918516322580555,0.0,2021-05-25 11:55:00.135680,0.0,0.0
40.419380267741936,-3.691733561290324,0.0,2021-05-25 11:55:01.893792,0.0,0.0
40.41939824193548,-3.691615490322593,0.0,2021-05-25 11:55:03.651904,0.0,0.0
40.41941621612903,-3.6914974193548615,0.0,2021-05-25 11:55:05.410016,0.0,0.0
40.41943419032258,-3.691379348387083,0.0,2021-05-25 11:55:07.168128,0.0,0.0
40.41945216451613,-3.691261277419352,0.0,2021-05-25 11:55:08.926240,0.0,0.0
40.41947013870968,-3.6911432064516205,0.0,2021-05-25 11:55:10.684352,0.0,0.0
40.419488112903224,-3.691025135483889,0.0,2021-05-25 11:55:12.442464,0.0,0.0
40.41950608709678,-3.690907064516111,0.0,2021-05-25 11:55:14.200576,0.0,0.0
40.419524061290325,-3.6907889935483795,0.0,2021-05-25 11:55:15.958688,0.0,0.0
40.41954203548387,-3.690670922580648,0.0,2021-05-25 11:55:17.716800,0.0,0.0
40.41956000967742,-3.690552851612917,0.0,2021-05-25 11:55:19.474912,0.0,0.0
40.41957798387097,-3.6904347806451385,0.0,2021-05-25 11:55:21.233024,0.0,0.0
40.41959595806452,-3.690316709677407,0.0,2021-05-25 11:55:22.991136,800.1539280692415,925.0701737542602
40.419613932258066,-3.690198638709676,0.0,2021-05-25 11:55:24.749248,800.1547776927996,925.070846833139
40.41963190645161,-3.6900805677419446,0.0,2021-05-25 11:55:26.507360,0.0,0.0
40.41964988064516,-3.6899624967742133,0.0,2021-05-25 11:55:28.265472,800.1564769296575,925.0721929775358
40.419667854838714,-3.689844425806435,0.0,2021-05-25 11:55:30.023584,800.1573265429573,925.0728660430541
40.41968582903226,-3.6897263548387036,0.0,2021-05-25 11:55:31.781696,800.158176152838,921.8840201434791
40.41970380322581,-3.6896082838709723,0.0,2021-05-25 11:55:33.539808,800.159025759298,921.8842945069953
40.419721777419355,-3.689490212903241,0.0,2021-05-25 11:55:35.297920,800.1598753623389,921.8845688660327
40.41973975161291,-3.6893721419354626,0.0,2021-05-25 11:55:37.056032,800.1607249619611,921.8848432205925
40.419757725806456,-3.6892540709677313,0.0,2021-05-25 11:55:38.814144,800.161574558163,921.8851175706732
40.4197757,-3.689136,0.0,2021-05-25 11:55:40.572256,0.0,0.0
40.4197757,-3.689136,0.0,2021-05-25 11:55:42.330368,0.0,0.0
40.4197926625,-3.689021612500006,0.0,2021-05-25 11:55:44.088480,800.1632492871818,921.8856597032845
40.419809625,-3.688907225000012,0.0,2021-05-25 11:55:45.846592,800.1640744202246,921.885927486105
40.4198265875,-3.688792837500018,0.0,2021-05-25 11:55:47.604704,800.1648995500755,921.8861952647376
40.419843549999996,-3.688678450000024,0.0,2021-05-25 11:55:49.362816,800.1657246767327,921.8864630391816
40.4198605125,-3.688564062499982,0.0,2021-05-25 11:55:51.120928,800.1665498001968,921.8867308094374
40.419877475,-3.688449674999988,0.0,2021-05-25 11:55:52.879040,800.1673749204691,921.8869985755053
40.4198944375,-3.688335287499994,0.0,2021-05-25 11:55:54.637152,0.0,0.0
40.4199114,-3.6882209,0.0,2021-05-25 11:55:56.395264,800.1690251514334,921.8875340950761
40.4199114,-3.6882209,0.0,2021-05-25 11:55:58.153376,800.1690251514334,921.8875340950761
40.4199384027027,-3.688103472972979,0.0,2021-05-25 11:55:59.911488,800.1698285602037,921.8877663373166
40.4199654054054,-3.6879860459459577,0.0,2021-05-25 11:56:01.669600,802.1370465114288,922.6298299419724
40.41999240810811,-3.687868618918906,0.0,2021-05-25 11:56:03.427712,802.1378431578761,922.6300531703482
40.42001941081081,-3.6877511918918846,0.0,2021-05-25 11:56:05.185824,802.1386398005659,922.6302763939606
40.42004641351351,-3.6876337648648634,0.0,2021-05-25 11:56:06.943936,0.0,0.0
40.42007341621621,-3.687516337837842,0.0,2021-05-25 11:56:08.702048,802.1402330746752,922.630722826895
40.42010041891891,-3.687398910810821,0.0,2021-05-25 11:56:10.460160,802.1410297060942,922.6309460362169
40.42012742162162,-3.687281483783769,0.0,2021-05-25 11:56:12.218272,0.0,0.0
40.42015442432432,-3.687164056756748,0.0,2021-05-25 11:56:13.976384,802.1426229576622,926.5389624547834
40.420181427027025,-3.6870466297297266,0.0,2021-05-25 11:56:15.734496,0.0,0.0
40.420208429729726,-3.6869292027027054,0.0,2021-05-25 11:56:17.492608,802.1442161942011,922.6318388258715
40.42023543243243,-3.686811775675684,0.0,2021-05-25 11:56:19.250720,0.0,0.0
40.42026243513513,-3.686694348648663,0.0,2021-05-25 11:56:21.008832,0.0,0.0
40.42028943783784,-3.6865769216216107,0.0,2021-05-25 11:56:22.766944,802.1466060208334,922.6325083680971
40.42031644054054,-3.68645949459459,0.0,2021-05-25 11:56:24.525056,802.1474026221966,922.6327315393121
40.42034344324324,-3.6863420675675687,0.0,2021-05-25 11:56:26.283168,802.1481992198028,922.6329547057637
40.42037044594594,-3.6862246405405474,0.0,2021-05-25 11:56:28.041280,802.1489958136525,922.6331778674521
40.42039744864864,-3.686107213513526,0.0,2021-05-25 11:56:29.799392,802.1497924037449,922.6334010243772
40.42042445135135,-3.685989786486474,0.0,2021-05-25 11:56:31.557504,802.1505889900808,922.633624176539
40.42045145405405,-3.6858723594594527,0.0,2021-05-25 11:56:33.315616,802.1513855726593,922.6338473239373
40.420478456756754,-3.6857549324324315,0.0,2021-05-25 11:56:35.073728,802.1521821514806,922.6340704665723
40.420505459459456,-3.6856375054054102,0.0,2021-05-25 11:56:36.831840,802.1529787265453,922.6342936044439
40.42053246216216,-3.6855200783783895,0.0,2021-05-25 11:56:38.589952,802.1537752978533,926.5480888233117
40.420559464864866,-3.685402651351337,0.0,2021-05-25 11:56:40.348064,802.1545718654035,922.6347398658974
40.42058646756757,-3.685285224324316,0.0,2021-05-25 11:56:42.106176,802.155368429197,922.6349629894788
40.42061347027027,-3.6851677972972947,0.0,2021-05-25 11:56:43.864288,802.1561649892345,922.6351861082978
40.42064047297297,-3.6850503702702735,0.0,2021-05-25 11:56:45.622400,802.1569615455138,922.6354092223527
40.42066747567567,-3.6849329432432523,0.0,2021-05-25 11:56:47.380512,802.1577580980363,922.635632331644
40.42069447837837,-3.684815516216231,0.0,2021-05-25 11:56:49.138624,802.158554646802,922.6358554361727
40.42072148108108,-3.684698089189179,0.0,2021-05-25 11:56:50.896736,802.1593511918115,922.6360785359382
40.42074848378378,-3.684580662162158,0.0,2021-05-25 11:56:52.654848,802.1601477330628,922.6363016309398
40.420775486486484,-3.6844632351351367,0.0,2021-05-25 11:56:54.412960,802.1609442705575,922.6365247211784
40.420802489189185,-3.6843458081081155,0.0,2021-05-25 11:56:56.171072,802.1617408042957,922.6367478066538
40.42082949189189,-3.6842283810810943,0.0,2021-05-25 11:56:57.929184,802.1625373342764,922.6369708873658
40.420856494594595,-3.6841109540540424,0.0,2021-05-25 11:56:59.687296,802.1633338605002,922.6371939633146
40.4208834972973,-3.683993527027021,0.0,2021-05-25 11:57:01.445408,804.1176052658577,923.3612808528587
40.4209105,-3.6838761,0.0,2021-05-25 11:57:03.203520,804.1183950159146,923.361494924629
40.4209105,-3.6838761,0.0,2021-05-25 11:57:04.961632,804.1183950159146,923.361494924629
40.4209589825,-3.683774301250003,0.0,2021-05-25 11:57:06.719744,804.1189640933824,923.3615677224984
40.421007464999995,-3.6836725025000057,0.0,2021-05-25 11:57:08.477856,804.1195331669126,923.3616405157579
40.4210559475,-3.6835707037499934,0.0,2021-05-25 11:57:10.235968,804.1201022365045,923.3617133044071
40.42110443,-3.6834689049999962,0.0,2021-05-25 11:57:11.994080,804.1206713021588,923.361786088446
40.4211529125,-3.683367106249999,0.0,2021-05-25 11:57:13.752192,804.1212403638749,923.3618588678747
40.421201395,-3.683265307500002,0.0,2021-05-25 11:57:15.510304,804.1218094216533,923.3619316426934
40.421249877499996,-3.6831635087500048,0.0,2021-05-25 11:57:17.268416,804.1223784754936,923.3620044129018
40.421298359999994,-3.6830617100000076,0.0,2021-05-25 11:57:19.026528,804.1229475253962,923.3620771784999
40.4213468425,-3.6829599112499953,0.0,2021-05-25 11:57:20.784640,804.1235165713609,923.3621499394882
40.421395325,-3.682858112499998,0.0,2021-05-25 11:57:22.542752,804.1240856133878,927.9949911787138
40.4214438075,-3.682756313750001,0.0,2021-05-25 11:57:24.300864,804.1246546514761,923.3622954476335
40.421492289999996,-3.682654515000004,0.0,2021-05-25 11:57:26.058976,804.1252236856266,927.9960578092373
40.421540772499995,-3.6825527162500067,0.0,2021-05-25 11:57:27.817088,804.1257927158395,923.3624409373384
40.421589255,-3.6824509174999944,0.0,2021-05-25 11:57:29.575200,804.1263617421142,927.9971244220219
40.4216377375,-3.6823491187499973,0.0,2021-05-25 11:57:31.333312,804.1269307644508,927.9976577217617
40.42168622,-3.68224732,0.0,2021-05-25 11:57:33.091424,0.0,0.0
40.4217347025,-3.682145521250003,0.0,2021-05-25 11:57:34.849536,0.0,0.0
40.421783184999995,-3.6820437225000058,0.0,2021-05-25 11:57:36.607648,0.0,0.0
40.4218316675,-3.6819419237499935,0.0,2021-05-25 11:57:38.365760,0.0,0.0
40.42188015,-3.6818401249999964,0.0,2021-05-25 11:57:40.123872,0.0,0.0
40.4219286325,-3.681738326249999,0.0,2021-05-25 11:57:41.881984,0.0,0.0
40.421977115,-3.681636527500002,0.0,2021-05-25 11:57:43.640096,0.0,0.0
40.422025597499996,-3.681534728750005,0.0,2021-05-25 11:57:45.398208,0.0,0.0
40.42207408,-3.6814329299999926,0.0,2021-05-25 11:57:47.156320,0.0,0.0
40.4221225625,-3.6813311312499954,0.0,2021-05-25 11:57:48.914432,0.0,0.0
40.422171045,-3.6812293324999983,0.0,2021-05-25 11:57:50.672544,804.1331897502506,923.3633861709288
40.4222195275,-3.681127533750001,0.0,2021-05-25 11:57:52.430656,804.1337587253317,923.3634588489338
40.422268009999996,-3.681025735000004,0.0,2021-05-25 11:57:54.188768,0.0,0.0
40.422316492499995,-3.6809239362500064,0.0,2021-05-25 11:57:55.946880,0.0,0.0
40.422364975,-3.6808221374999945,0.0,2021-05-25 11:57:57.704992,0.0,0.0
40.4224134575,-3.6807203387499974,0.0,2021-05-25 11:57:59.463104,804.1360345862778,928.0061899144727
40.42246194,-3.68061854,0.0,2021-05-25 11:58:01.221216,806.0771102694148,929.4206883710685
40.4225104225,-3.680516741250003,0.0,2021-05-25 11:58:02.979328,806.0776726129174,924.0698185786348
40.422558904999995,-3.6804149425000054,0.0,2021-05-25 11:58:04.737440,806.0782349524824,924.0698827895509
40.4226073875,-3.6803131437499936,0.0,2021-05-25 11:58:06.495552,0.0,0.0
40.42265587,-3.6802113449999965,0.0,2021-05-25 11:58:08.253664,0.0,0.0
40.4227043525,-3.6801095462499993,0.0,2021-05-25 11:58:10.011776,806.0799219475475,929.4233131232868
40.422752835,-3.6800077475000017,0.0,2021-05-25 11:58:11.769888,806.0804842713585,929.4238380604276
40.422801317499996,-3.6799059487500045,0.0,2021-05-25 11:58:13.528000,806.0810465912311,929.4243629931342
40.422849799999995,-3.6798041500000074,0.0,2021-05-25 11:58:15.286112,806.0816089071659,929.4248879214069
40.4228982825,-3.6797023512499956,0.0,2021-05-25 11:58:17.044224,806.0821712191621,924.0703321371168
40.422946765,-3.6796005524999984,0.0,2021-05-25 11:58:18.802336,806.0827335272198,929.4259377646498
40.4229952475,-3.679498753750001,0.0,2021-05-25 11:58:20.560448,0.0,0.0
40.423043729999996,-3.6793969550000036,0.0,2021-05-25 11:58:22.318560,0.0,0.0
40.423092212499995,-3.6792951562500065,0.0,2021-05-25 11:58:24.076672,806.084420427763,924.070588805918
40.423140695,-3.6791933574999947,0.0,2021-05-25 11:58:25.834784,806.0849827200676,924.0706529616144
40.4231891775,-3.679091558749997,0.0,2021-05-25 11:58:27.592896,806.0855450084334,924.070717112709
40.42323766,-3.67898976,0.0,2021-05-25 11:58:29.351008,806.0861072928611,924.0707812592017
40.4232861425,-3.6788879612500027,0.0,2021-05-25 11:58:31.109120,0.0,0.0
40.423334624999995,-3.6787861625000056,0.0,2021-05-25 11:58:32.867232,0.0,0.0
40.4233831075,-3.6786843637499937,0.0,2021-05-25 11:58:34.625344,806.0877941225137,924.0709736710712
40.42343159,-3.678582564999996,0.0,2021-05-25 11:58:36.383456,806.088356391188,924.0710377991578
40.4234800725,-3.678480766249999,0.0,2021-05-25 11:58:38.141568,806.0889186559236,929.4317115854418
40.423528555,-3.678378967500002,0.0,2021-05-25 11:58:39.899680,0.0,0.0
40.423577037499996,-3.6782771687500047,0.0,2021-05-25 11:58:41.657792,806.0900431735799,924.0712301558077
40.42362552,-3.678175369999993,0.0,2021-05-25 11:58:43.415904,806.0906054265007,924.0712942654881
40.4236740025,-3.6780735712499952,0.0,2021-05-25 11:58:45.174016,806.0911676754829,924.0713583705667
40.423722485,-3.677971772499998,0.0,2021-05-25 11:58:46.932128,806.0917299205261,924.0714224710433
40.4237709675,-3.677869973750001,0.0,2021-05-25 11:58:48.690240,806.0922921616317,924.0714865669185
40.423819449999996,-3.6777681750000037,0.0,2021-05-25 11:58:50.448352,806.0928543987987,924.0715506581926
40.423867932499995,-3.6776663762500066,0.0,2021-05-25 11:58:52.206464,806.0934166320278,924.0716147448649
40.423916415,-3.6775645774999943,0.0,2021-05-25 11:58:53.964576,806.0939788613183,924.0716788269357
40.4239648975,-3.677462778749997,0.0,2021-05-25 11:58:55.722688,806.09454108667,924.0717429044046
40.42401338,-3.67736098,0.0,2021-05-25 11:58:57.480800,806.0951033080836,924.0718069772723
40.4240618625,-3.677259181250003,0.0,2021-05-25 11:58:59.238912,806.0956655255592,924.0718710455386
40.424110344999995,-3.6771573825000057,0.0,2021-05-25 11:59:00.997024,808.0237210523816,924.7599380378338
40.4241588275,-3.6770555837499934,0.0,2021-05-25 11:59:02.755136,808.0242766472195,924.7599936757646
40.42420731,-3.6769537849999963,0.0,2021-05-25 11:59:04.513248,808.0248322381192,924.7600493091027
40.4242557925,-3.676851986249999,0.0,2021-05-25 11:59:06.271360,808.0253878250801,924.7601049378475
40.424304275,-3.676750187500002,0.0,2021-05-25 11:59:08.029472,808.0259434081017,924.7601605619988
40.424352757499996,-3.6766483887500048,0.0,2021-05-25 11:59:09.787584,808.0264989871847,924.7602161815571
40.424401239999995,-3.6765465900000076,0.0,2021-05-25 11:59:11.545696,808.0270545623297,924.760271796523
40.4244497225,-3.6764447912499953,0.0,2021-05-25 11:59:13.303808,808.0276101335354,930.8376020802878
40.424498205,-3.676342992499998,0.0,2021-05-25 11:59:15.061920,0.0,0.0
40.4245466875,-3.676241193750001,0.0,2021-05-25 11:59:16.820032,808.0287212641302,930.8386351072664
40.424595169999996,-3.676139395000004,0.0,2021-05-25 11:59:18.578144,808.0292768235199,930.839151614106
40.424643652499995,-3.6760375962500067,0.0,2021-05-25 11:59:20.336256,808.0298323789708,924.7605498024542
40.424692135,-3.6759357974999944,0.0,2021-05-25 11:59:22.094368,808.0303879304827,924.7606053898612
40.4247406175,-3.6758339987499973,0.0,2021-05-25 11:59:23.852480,808.0309434780569,924.7606609726757
40.4247891,-3.6757322,0.0,2021-05-25 11:59:25.610592,808.0314990216915,924.7607165508969
40.4247891,-3.6757322,0.0,2021-05-25 11:59:27.368704,808.0314990216915,924.7607165508969
40.4247831,-3.67560894102566,0.0,2021-05-25 11:59:29.126816,808.0324737659349,924.7610783146617
40.4247771,-3.6754856820513195,0.0,2021-05-25 11:59:30.884928,808.03344850722,924.7614400742805
40.4247711,-3.6753624230769795,0.0,2021-05-25 11:59:32.643040,808.034423245547,930.8432853933897
40.424765099999995,-3.6752391641024933,0.0,2021-05-25 11:59:34.401152,808.0353979809169,930.8439746501184
40.424759099999996,-3.675115905128153,0.0,2021-05-25 11:59:36.159264,808.0363727133274,930.8446639025001
40.4247531,-3.6749926461538127,0.0,2021-05-25 11:59:37.917376,808.0373474427798,930.8453531505356
40.4247471,-3.674869387179472,0.0,2021-05-25 11:59:39.675488,808.0383221692739,924.7632488101883
40.4247411,-3.674746128205132,0.0,2021-05-25 11:59:41.433600,808.0392968928087,924.7636105449316
40.4247351,-3.6746228692307916,0.0,2021-05-25 11:59:43.191712,808.040271613386,924.7639722755297
40.4247291,-3.6744996102564516,0.0,2021-05-25 11:59:44.949824,808.0412463310053,924.7643340019818
40.4247231,-3.674376351282111,0.0,2021-05-25 11:59:46.707936,808.0422210456654,924.7646957242878
40.424717099999995,-3.674253092307625,0.0,2021-05-25 11:59:48.466048,808.0431957573686,924.7650574424487
40.424711099999996,-3.674129833333285,0.0,2021-05-25 11:59:50.224160,808.0441704661123,924.7654191564629
40.4247051,-3.6740065743589443,0.0,2021-05-25 11:59:51.982272,808.0451451718976,924.7657808663314
40.4246991,-3.673883315384604,0.0,2021-05-25 11:59:53.740384,808.0461198747244,924.7661425720539
40.4246931,-3.6737600564102637,0.0,2021-05-25 11:59:55.498496,808.0470945745935,924.7665042736309
40.4246871,-3.6736367974359236,0.0,2021-05-25 11:59:57.256608,808.0480692715034,924.7668659710619
40.4246811,-3.6735135384615836,0.0,2021-05-25 11:59:59.014720,808.0490439654553,924.7672276643467
40.4246751,-3.673390279487243,0.0,2021-05-25 12:00:00.772832,0.0,0.0
40.424669099999996,-3.673267020512757,0.0,2021-05-25 12:00:02.530944,0.0,0.0
40.4246631,-3.6731437615384164,0.0,2021-05-25 12:00:04.289056,0.0,0.0
40.4246571,-3.6730205025640763,0.0,2021-05-25 12:00:06.047168,0.0,0.0
40.4246511,-3.6728972435897362,0.0,2021-05-25 12:00:07.805280,0.0,0.0
40.4246451,-3.6727739846153957,0.0,2021-05-25 12:00:09.563392,0.0,0.0
40.4246391,-3.6726507256410557,0.0,2021-05-25 12:00:11.321504,0.0,0.0
40.4246331,-3.672527466666715,0.0,2021-05-25 12:00:13.079616,0.0,0.0
40.4246271,-3.672404207692375,0.0,2021-05-25 12:00:14.837728,0.0,0.0
40.424621099999996,-3.672280948717889,0.0,2021-05-25 12:00:16.595840,0.0,0.0
40.4246151,-3.6721576897435484,0.0,2021-05-25 12:00:18.353952,0.0,0.0
40.4246091,-3.6720344307692083,0.0,2021-05-25 12:00:20.112064,0.0,0.0
40.4246031,-3.671911171794868,0.0,2021-05-25 12:00:21.870176,0.0,0.0
40.4245971,-3.6717879128205277,0.0,2021-05-25 12:00:23.628288,0.0,0.0
40.4245911,-3.6716646538461872,0.0,2021-05-25 12:00:25.386400,0.0,0.0
40.4245851,-3.671541394871847,0.0,2021-05-25 12:00:27.144512,0.0,0.0
40.4245791,-3.6714181358975067,0.0,2021-05-25 12:00:28.902624,0.0,0.0
40.424573099999996,-3.6712948769230205,0.0,2021-05-25 12:00:30.660736,0.0,0.0
40.4245671,-3.6711716179486804,0.0,2021-05-25 12:00:32.418848,0.0,0.0
40.4245611,-3.67104835897434,0.0,2021-05-25 12:00:34.176960,0.0,0.0
40.4245551,-3.6709251,0.0,2021-05-25 12:00:35.935072,0.0,0.0
40.4245551,-3.6709251,0.0,2021-05-25 12:00:37.693184,0.0,0.0
40.4244386,-3.6709354799999994,0.0,2021-05-25 12:00:39.451296,0.0,0.0
40.4243221,-3.6709458599999993,0.0,2021-05-25 12:00:41.209408,0.0,0.0
40.4242056,-3.6709562399999993,0.0,2021-05-25 12:00:42.967520,0.0,0.0
40.424089099999996,-3.6709666199999993,0.0,2021-05-25 12:00:44.725632,0.0,0.0
40.4239726,-3.670976999999999,0.0,2021-05-25 12:00:46.483744,0.0,0.0
40.4239726,-3.670976999999999,0.0,2021-05-25 12:00:48.241856,0.0,0.0
