Latitud,Longitud,Tunel,Tiempo,GHI,POA
40.4088697,-3.6923659,0.0,2021-05-25 11:50:54.000000,790.1624751497375,917.9467493009921
40.40878925,-3.6923038833333344,0.0,2021-05-25 11:50:55.837079,790.1633336978059,917.9473039920161
40.4087088,-3.6922418666666683,0.0,2021-05-25 11:50:57.674158,0.0,0.0
40.40862835,-3.6921798500000027,0.0,2021-05-25 11:50:59.511237,0.0,0.0
40.408547899999995,-3.6921178333333318,0.0,2021-05-25 11:51:01.348316,0.0,0.0
40.408467449999996,-3.6920558166666657,0.0,2021-05-25 11:51:03.185395,792.1966737223404,918.7803864310432
40.408387,-3.6919938,0.0,2021-05-25 11:51:05.022474,792.1975316098113,918.7809389054286
40.408387,-3.6919938,0.0,2021-05-25 11:51:06.859553,792.1975316098113,918.7809389054286
40.40833467352941,-3.691898523529413,0.0,2021-05-25 11:51:08.696632,792.1985341397701,918.781478734403
40.40828234705882,-3.691803247058826,0.0,2021-05-25 11:51:10.533711,0.0,0.0
40.408230020588235,-3.6917079705882387,0.0,2021-05-25 11:51:12.370790,0.0,0.0
40.40817769411765,-3.691612694117652,0.0,2021-05-25 11:51:14.207869,792.201541721369,918.7830982078086
40.40812536764706,-3.6915174176470646,0.0,2021-05-25 11:51:16.044948,792.2025442458098,918.7836380277712
40.408073041176465,-3.6914221411764645,0.0,2021-05-25 11:51:17.882027,792.2035467688713,918.7841778454814
40.40802071470588,-3.6913268647058777,0.0,2021-05-25 11:51:19.719106,792.204549290553,918.7847176609386
40.40796838823529,-3.6912315882352904,0.0,2021-05-25 11:51:21.556185,792.2055518108558,918.7852574741428
40.4079160617647,-3.691136311764703,0.0,2021-05-25 11:51:23.393264,792.2065543297786,918.7857972850942
40.407863735294114,-3.6910410352941163,0.0,2021-05-25 11:51:25.230343,792.2075568473215,918.7863370937924
40.40781140882353,-3.690945758823529,0.0,2021-05-25 11:51:27.067422,792.2085593634848,918.7868769002378
40.40775908235294,-3.690850482352942,0.0,2021-05-25 11:51:28.904501,792.2095618782696,918.7874167044307
40.40770675588235,-3.690755205882355,0.0,2021-05-25 11:51:30.741580,792.2105643916742,918.7879565063703
40.407654429411764,-3.6906599294117677,0.0,2021-05-25 11:51:32.578659,792.2115669036991,918.788496306057
40.407602102941176,-3.690564652941181,0.0,2021-05-25 11:51:34.415738,792.2125694143448,918.7890361034908
40.40754977647059,-3.6904693764705936,0.0,2021-05-25 11:51:36.252817,792.2135719236104,918.7895758986715
40.407497449999994,-3.6903740999999934,0.0,2021-05-25 11:51:38.089896,792.2145744314975,918.7901156916
40.407445123529406,-3.6902788235294066,0.0,2021-05-25 11:51:39.926975,792.2155769380039,918.7906554822746
40.40739279705882,-3.6901835470588193,0.0,2021-05-25 11:51:41.764054,792.2165794431311,918.7911952706969
40.40734047058823,-3.6900882705882325,0.0,2021-05-25 11:51:43.601133,792.2175819468788,918.791735056866
40.40728814411764,-3.6899929941176453,0.0,2021-05-25 11:51:45.438212,792.2185844492467,918.7922748407823
40.407235817647056,-3.689897717647058,0.0,2021-05-25 11:51:47.275291,0.0,0.0
40.40718349117647,-3.689802441176471,0.0,2021-05-25 11:51:49.112370,792.2205894498431,918.7933544018555
40.40713116470588,-3.689707164705884,0.0,2021-05-25 11:51:50.949449,792.2215919480728,918.7938941790129
40.40707883823529,-3.689611888235297,0.0,2021-05-25 11:51:52.786528,792.2225944449223,918.7944339539174
40.407026511764705,-3.68951661176471,0.0,2021-05-25 11:51:54.623607,792.2235969403916,918.7949737265684
40.40697418529412,-3.6894213352941225,0.0,2021-05-25 11:51:56.460686,792.2245994344817,918.7955134969667
40.40692185882353,-3.6893260588235357,0.0,2021-05-25 11:51:58.297765,792.2256019271922,918.796053265112
40.406869532352935,-3.6892307823529356,0.0,2021-05-25 11:52:00.134844,794.2439098035795,919.6095952533477
40.40681720588235,-3.6891355058823483,0.0,2021-05-25 11:52:01.971923,794.2449090984361,919.610129681726
40.40676487941176,-3.6890402294117615,0.0,2021-05-25 11:52:03.809002,794.2459083918976,919.610664107843
40.40671255294117,-3.688944952941174,0.0,2021-05-25 11:52:05.646081,794.2469076839648,919.6111985316991
40.406660226470585,-3.6888496764705874,0.0,2021-05-25 11:52:07.483160,794.2479069746363,919.6117329532941
40.4066079,-3.6887544,0.0,2021-05-25 11:52:09.320239,794.2489062639132,919.6122673726277
40.4066079,-3.6887544,0.0,2021-05-25 11:52:11.157318,794.2489062639132,919.6122673726277
40.40672085,-3.6887201999999997,0.0,2021-05-25 11:52:12.994397,794.2486779373511,919.6118846354973
40.4068338,-3.6886859999999992,0.0,2021-05-25 11:52:14.831476,794.248449606017,919.6115018936468
40.406946749999996,-3.6886518000000006,0.0,2021-05-25 11:52:16.668555,794.248221269909,919.6111191470753
40.4070597,-3.6886176,0.0,2021-05-25 11:52:18.505634,794.2479929290287,919.6107363957839
40.4070597,-3.6886176,0.0,2021-05-25 11:52:20.342713,794.2479929290287,919.6107363957839
40.407161439999996,-3.6886198,0.0,2021-05-25 11:52:22.179792,794.2475218521921,919.6102855601454
40.40726318,-3.688622,0.0,2021-05-25 11:52:24.016871,794.2470507724823,919.6098347216671
40.40736492,-3.6886241999999996,0.0,2021-05-25 11:52:25.853950,0.0,0.0
40.40746666,-3.6886263999999995,0.0,2021-05-25 11:52:27.691029,0.0,0.0
40.4075684,-3.6886285999999995,0.0,2021-05-25 11:52:29.528108,0.0,0.0
40.40767014,-3.6886307999999994,0.0,2021-05-25 11:52:31.365187,0.0,0.0
40.40777188,-3.6886329999999994,0.0,2021-05-25 11:52:33.202266,0.0,0.0
40.40787362,-3.688635199999999,0.0,2021-05-25 11:52:35.039345,794.244224233878,920.6280958019188
40.40797536,-3.688637399999999,0.0,2021-05-25 11:52:36.876424,794.243753134053,919.6066787727988
40.4080771,-3.688639599999999,0.0,2021-05-25 11:52:38.713503,794.2432820313547,919.6062279116006
40.4080771,-3.688639599999999,0.0,2021-05-25 11:52:40.550582,794.2432820313547,919.6062279116006
40.408168116535435,-3.6886390708661407,0.0,2021-05-25 11:52:42.387661,794.2428806605067,919.6058325940081
40.408259133070864,-3.6886385417322822,0.0,2021-05-25 11:52:44.224740,794.2424792873041,919.6054372740948
40.4083501496063,-3.688638012598424,0.0,2021-05-25 11:52:46.061819,794.2420779117479,919.6050419518605
40.408441166141735,-3.6886374834645657,0.0,2021-05-25 11:52:47.898898,794.2416765338386,919.604646627306
40.40853218267716,-3.6886369543307076,0.0,2021-05-25 11:52:49.735977,794.2412751535745,919.6042513004303
40.4086231992126,-3.688636425196849,0.0,2021-05-25 11:52:51.573056,794.2408737709573,919.603855971234
40.408714215748034,-3.688635896062991,0.0,2021-05-25 11:52:53.410135,794.2404723859865,919.6034606397172
40.40880523228346,-3.6886353669291325,0.0,2021-05-25 11:52:55.247214,794.2400709986613,919.6030653058793
40.4088962488189,-3.6886348377952745,0.0,2021-05-25 11:52:57.084293,794.2396696089829,919.602669969721
40.408987265354334,-3.6886343086614164,0.0,2021-05-25 11:52:58.921372,0.0,0.0
40.40907828188976,-3.688633779527558,0.0,2021-05-25 11:53:00.758451,796.2435267031909,920.3970830739695
40.4091692984252,-3.6886332503937,0.0,2021-05-25 11:53:02.595530,796.2431225497447,922.1326488569553
40.409260314960626,-3.6886327212598413,0.0,2021-05-25 11:53:04.432609,796.2427183939407,920.3962874394231
40.40935133149606,-3.6886321921259833,0.0,2021-05-25 11:53:06.269688,0.0,0.0
40.4094423480315,-3.6886316629921247,0.0,2021-05-25 11:53:08.106767,0.0,0.0
40.409533364566926,-3.6886311338582667,0.0,2021-05-25 11:53:09.943846,0.0,0.0
40.40962438110236,-3.6886306047244086,0.0,2021-05-25 11:53:11.780925,0.0,0.0
40.4097153976378,-3.68863007559055,0.0,2021-05-25 11:53:13.618004,796.2406975795367,920.3942983123806
40.409806414173225,-3.688629546456692,0.0,2021-05-25 11:53:15.455083,796.2402934095792,920.393900479999
40.40989743070866,-3.6886290173228335,0.0,2021-05-25 11:53:17.292162,796.239889237263,920.3935026452928
40.409988447244096,-3.6886284881889755,0.0,2021-05-25 11:53:19.129241,796.239485062588,920.3931048082625
40.410079463779525,-3.688627959055117,0.0,2021-05-25 11:53:20.966320,796.2390808855542,920.3927069689079
40.41017048031496,-3.688627429921259,0.0,2021-05-25 11:53:22.803399,796.2386767061615,922.1318057631787
40.410261496850396,-3.6886269007874004,0.0,2021-05-25 11:53:24.640478,796.2382725244097,922.1317291030277
40.410352513385824,-3.6886263716535423,0.0,2021-05-25 11:53:26.477557,796.2378683402994,922.1316524403333
40.41044352992126,-3.6886258425196843,0.0,2021-05-25 11:53:28.314636,796.2374641538306,920.3911155882456
40.410534546456695,-3.6886253133858258,0.0,2021-05-25 11:53:30.151715,0.0,0.0
40.410625562992124,-3.6886247842519677,0.0,2021-05-25 11:53:31.988794,0.0,0.0
40.41071657952756,-3.688624255118109,0.0,2021-05-25 11:53:33.825873,796.2362515802713,922.1313457641198
40.410807596062995,-3.688623725984251,0.0,2021-05-25 11:53:35.662952,0.0,0.0
40.41089861259842,-3.6886231968503926,0.0,2021-05-25 11:53:37.500031,796.2354431861037,922.1311924107507
40.41098962913386,-3.6886226677165346,0.0,2021-05-25 11:53:39.337110,0.0,0.0
40.411080645669294,-3.688622138582676,0.0,2021-05-25 11:53:41.174189,0.0,0.0
40.41117166220472,-3.688621609448818,0.0,2021-05-25 11:53:43.011268,0.0,0.0
40.41126267874016,-3.68862108031496,0.0,2021-05-25 11:53:44.848347,0.0,0.0
40.411353695275594,-3.6886205511811014,0.0,2021-05-25 11:53:46.685426,0.0,0.0
40.41144471181102,-3.6886200220472434,0.0,2021-05-25 11:53:48.522505,0.0,0.0
40.41153572834646,-3.688619492913385,0.0,2021-05-25 11:53:50.359584,0.0,0.0
40.411626744881886,-3.688618963779527,0.0,2021-05-25 11:53:52.196663,0.0,0.0
40.41171776141732,-3.6886184346456683,0.0,2021-05-25 11:53:54.033742,0.0,0.0
40.41180877795276,-3.6886179055118102,0.0,2021-05-25 11:53:55.870821,0.0,0.0
40.411899794488185,-3.688617376377952,0.0,2021-05-25 11:53:57.707900,796.2309968495291,920.3847496937005
40.41199081102362,-3.6886168472440937,0.0,2021-05-25 11:53:59.544979,796.2305926229607,920.3843518055346
40.41208182755906,-3.6886163181102356,0.0,2021-05-25 11:54:01.382058,798.2221678755724,921.1613879398022
40.412172844094485,-3.688615788976377,0.0,2021-05-25 11:54:03.219137,798.2217609044956,921.1609875921345
40.41226386062992,-3.688615259842519,0.0,2021-05-25 11:54:05.056216,798.2213539310538,923.6175052922451
40.412354877165356,-3.6886147307086605,0.0,2021-05-25 11:54:06.893295,798.2209469552485,921.1601868898134
40.412445893700784,-3.6886142015748025,0.0,2021-05-25 11:54:08.730374,798.2205399770795,921.1597865351612
40.41253691023622,-3.688613672440944,0.0,2021-05-25 11:54:10.567453,0.0,0.0
40.412627926771655,-3.688613143307086,0.0,2021-05-25 11:54:12.404532,0.0,0.0
40.412718943307084,-3.688612614173228,0.0,2021-05-25 11:54:14.241611,798.2193190283891,923.6171133477309
40.41280995984252,-3.6886120850393693,0.0,2021-05-25 11:54:16.078690,798.2189120407644,921.1581850932726
40.412900976377955,-3.6886115559055113,0.0,2021-05-25 11:54:17.915769,798.2185050507759,921.1577847269804
40.41299199291338,-3.6886110267716528,0.0,2021-05-25 11:54:19.752848,798.2180980584234,921.1573843583601
40.41308300944882,-3.6886104976377947,0.0,2021-05-25 11:54:21.589927,798.2176910637075,923.6167997462311
40.413174025984254,-3.688609968503936,0.0,2021-05-25 11:54:23.427006,0.0,0.0
40.41326504251968,-3.688609439370078,0.0,2021-05-25 11:54:25.264085,0.0,0.0
40.41335605905512,-3.6886089102362196,0.0,2021-05-25 11:54:27.101164,0.0,0.0
40.413447075590554,-3.6886083811023616,0.0,2021-05-25 11:54:28.938243,0.0,0.0
40.41353809212598,-3.6886078519685035,0.0,2021-05-25 11:54:30.775322,0.0,0.0
40.41362910866142,-3.688607322834645,0.0,2021-05-25 11:54:32.612401,0.0,0.0
40.41372012519685,-3.688606793700787,0.0,2021-05-25 11:54:34.449480,0.0,0.0
40.41381114173228,-3.6886062645669284,0.0,2021-05-25 11:54:36.286559,798.2144350208813,923.6161724208646
40.41390215826772,-3.6886057354330704,0.0,2021-05-25 11:54:38.123638,0.0,0.0
40.413993174803146,-3.688605206299212,0.0,2021-05-25 11:54:39.960717,0.0,0.0
40.41408419133858,-3.688604677165354,0.0,2021-05-25 11:54:41.797796,798.2132139658182,921.1525797533409
40.41417520787402,-3.6886041480314953,0.0,2021-05-25 11:54:43.634875,798.2128069427367,923.6158586969977
40.414266224409445,-3.688603618897637,0.0,2021-05-25 11:54:45.471954,798.2123999172907,921.1517789532464
40.41435724094488,-3.688603089763779,0.0,2021-05-25 11:54:47.309033,0.0,0.0
40.414448257480316,-3.6886025606299206,0.0,2021-05-25 11:54:49.146112,0.0,0.0
40.414539274015745,-3.6886020314960626,0.0,2021-05-25 11:54:50.983191,798.2111788267708,921.1505777356457
40.41463029055118,-3.688601502362204,0.0,2021-05-25 11:54:52.820270,798.2107717918692,921.1501773251226
40.414721307086616,-3.688600973228346,0.0,2021-05-25 11:54:54.657349,798.2103647546047,923.6153880347167
40.414812323622044,-3.6886004440944875,0.0,2021-05-25 11:54:56.494428,798.2099577149759,921.1493764970933
40.41490334015748,-3.6885999149606294,0.0,2021-05-25 11:54:58.331507,798.2095506729838,921.1489760795866
40.414994356692915,-3.688599385826771,0.0,2021-05-25 11:55:00.168586,800.188405775869,921.9082516361675
40.415085373228344,-3.688598856692913,0.0,2021-05-25 11:55:02.005665,800.1879960063359,925.0843321688953
40.41517638976378,-3.688598327559055,0.0,2021-05-25 11:55:03.842744,800.1875862344343,921.9074459161188
40.415267406299215,-3.6885977984251963,0.0,2021-05-25 11:55:05.679823,800.187176460164,921.907043052597
40.41535842283464,-3.6885972692913382,0.0,2021-05-25 11:55:07.516902,800.186766683525,921.9066401867441
40.41544943937008,-3.6885967401574797,0.0,2021-05-25 11:55:09.353981,800.1863569045164,921.9062373185593
40.415540455905514,-3.6885962110236217,0.0,2021-05-25 11:55:11.191060,800.1859471231402,925.0839315643541
40.41563147244094,-3.688595681889763,0.0,2021-05-25 11:55:13.028139,0.0,0.0
40.41572248897638,-3.688595152755905,0.0,2021-05-25 11:55:14.865218,0.0,0.0
40.415813505511814,-3.6885946236220466,0.0,2021-05-25 11:55:16.702297,0.0,0.0
40.41590452204724,-3.6885940944881885,0.0,2021-05-25 11:55:18.539376,800.1843079739441,921.9042229426638
40.41599553858268,-3.6885935653543305,0.0,2021-05-25 11:55:20.376455,0.0,0.0
40.41608655511811,-3.688593036220472,0.0,2021-05-25 11:55:22.213534,800.1834883851329,925.0834507545904
40.41617757165354,-3.688592507086614,0.0,2021-05-25 11:55:24.050613,800.183078587174,921.9030142891481
40.41626858818898,-3.6885919779527554,0.0,2021-05-25 11:55:25.887692,0.0,0.0
40.416359604724406,-3.6885914488188973,0.0,2021-05-25 11:55:27.724771,800.1822589841504,921.9022085084805
40.41645062125984,-3.688590919685039,0.0,2021-05-25 11:55:29.561850,0.0,0.0
40.41654163779528,-3.6885903905511808,0.0,2021-05-25 11:55:31.398929,0.0,0.0
40.416632654330705,-3.6885898614173227,0.0,2021-05-25 11:55:33.236008,800.181029561849,921.9009998199929
40.41672367086614,-3.688589332283464,0.0,2021-05-25 11:55:35.073087,800.1806197496769,921.900596919167
40.416814687401576,-3.688588803149606,0.0,2021-05-25 11:55:36.910166,0.0,0.0
40.416905703937005,-3.6885882740157476,0.0,2021-05-25 11:55:38.747245,0.0,0.0
40.41699672047244,-3.6885877448818896,0.0,2021-05-25 11:55:40.584324,0.0,0.0
40.417087737007876,-3.688587215748031,0.0,2021-05-25 11:55:42.421403,0.0,0.0
40.417178753543304,-3.688586686614173,0.0,2021-05-25 11:55:44.258482,0.0,0.0
40.41726977007874,-3.6885861574803145,0.0,2021-05-25 11:55:46.095561,0.0,0.0
40.417360786614175,-3.6885856283464564,0.0,2021-05-25 11:55:47.932640,800.1777509981495,921.8977765481062
40.4174518031496,-3.6885850992125984,0.0,2021-05-25 11:55:49.769719,800.1773411670276,925.0822483277775
40.41754281968504,-3.68858457007874,0.0,2021-05-25 11:55:51.606798,0.0,0.0
40.417633836220475,-3.688584040944882,0.0,2021-05-25 11:55:53.443877,800.1765214976772,921.8965677826792
40.4177248527559,-3.6885835118110233,0.0,2021-05-25 11:55:55.280956,800.1761116594485,921.8961648562072
40.41781586929134,-3.6885829826771652,0.0,2021-05-25 11:55:57.118035,0.0,0.0
40.417906885826774,-3.6885824535433067,0.0,2021-05-25 11:55:58.955114,0.0,0.0
40.4179979023622,-3.6885819244094487,0.0,2021-05-25 11:56:00.792193,0.0,0.0
40.41808891889764,-3.68858139527559,0.0,2021-05-25 11:56:02.629272,802.140972278379,926.5327164912483
40.41817993543307,-3.688580866141732,0.0,2021-05-25 11:56:04.466351,0.0,0.0
40.4182709519685,-3.688580337007874,0.0,2021-05-25 11:56:06.303430,0.0,0.0
40.41836196850394,-3.6885798078740155,0.0,2021-05-25 11:56:08.140509,802.1397346036854,926.5324709608979
40.41845298503937,-3.6885792787401575,0.0,2021-05-25 11:56:09.977588,0.0,0.0
40.4185440015748,-3.688578749606299,0.0,2021-05-25 11:56:11.814667,0.0,0.0
40.41863501811024,-3.688578220472441,0.0,2021-05-25 11:56:13.651746,0.0,0.0
40.418726034645665,-3.6885776913385824,0.0,2021-05-25 11:56:15.488825,0.0,0.0
40.4188170511811,-3.6885771622047243,0.0,2021-05-25 11:56:17.325904,0.0,0.0
40.418908067716536,-3.6885766330708663,0.0,2021-05-25 11:56:19.162983,802.1372591902066,926.531979831063
40.418999084251965,-3.6885761039370077,0.0,2021-05-25 11:56:21.000062,0.0,0.0
40.4190901007874,-3.6885755748031497,0.0,2021-05-25 11:56:22.837141,0.0,0.0
40.419181117322836,-3.688575045669291,0.0,2021-05-25 11:56:24.674220,0.0,0.0
40.419272133858264,-3.688574516535433,0.0,2021-05-25 11:56:26.511299,0.0,0.0
40.4193631503937,-3.6885739874015746,0.0,2021-05-25 11:56:28.348378,0.0,0.0
40.419454166929135,-3.6885734582677165,0.0,2021-05-25 11:56:30.185457,802.1347836912718,926.5314886090492
40.419545183464564,-3.688572929133858,0.0,2021-05-25 11:56:32.022536,802.1343710998076,922.6299896699569
40.4196362,-3.6885724,0.0,2021-05-25 11:56:33.859615,802.1339585059699,922.6295842759394
40.4196362,-3.6885724,0.0,2021-05-25 11:56:35.696694,802.1339585059699,922.6295842759394
40.419727933333334,-3.6884552333333303,0.0,2021-05-25 11:56:37.533773,802.1344567474522,922.629517349422
40.41981966666666,-3.68833806666667,0.0,2021-05-25 11:56:39.370852,802.1349549812167,922.6294504144191
40.4199114,-3.6882209,0.0,2021-05-25 11:56:41.207931,802.1354532072642,922.6293834709309
40.4199114,-3.6882209,0.0,2021-05-25 11:56:43.045010,802.1354532072642,922.6293834709309
40.4199384027027,-3.688103472972979,0.0,2021-05-25 11:56:44.882089,802.1362498612245,922.6296067088331
40.4199654054054,-3.6879860459459577,0.0,2021-05-25 11:56:46.719168,802.1370465114288,922.6298299419724
40.41999240810811,-3.687868618918906,0.0,2021-05-25 11:56:48.556247,802.1378431578761,922.6300531703482
40.42001941081081,-3.6877511918918846,0.0,2021-05-25 11:56:50.393326,802.1386398005659,922.6302763939606
40.42004641351351,-3.6876337648648634,0.0,2021-05-25 11:56:52.230405,0.0,0.0
40.42007341621621,-3.687516337837842,0.0,2021-05-25 11:56:54.067484,802.1402330746752,922.630722826895
40.42010041891891,-3.687398910810821,0.0,2021-05-25 11:56:55.904563,802.1410297060942,922.6309460362169
40.42012742162162,-3.687281483783769,0.0,2021-05-25 11:56:57.741642,0.0,0.0
40.42015442432432,-3.687164056756748,0.0,2021-05-25 11:56:59.578721,802.1426229576622,926.5389624547834
40.420181427027025,-3.6870466297297266,0.0,2021-05-25 11:57:01.415800,0.0,0.0
40.420208429729726,-3.6869292027027054,0.0,2021-05-25 11:57:03.252879,804.0978602919846,923.3559275127075
40.42023543243243,-3.686811775675684,0.0,2021-05-25 11:57:05.089958,0.0,0.0
40.42026243513513,-3.686694348648663,0.0,2021-05-25 11:57:06.927037,0.0,0.0
40.42028943783784,-3.6865769216216107,0.0,2021-05-25 11:57:08.764116,804.1002298129757,923.3565700704952
40.42031644054054,-3.68645949459459,0.0,2021-05-25 11:57:10.601195,804.1010196457831,923.356784246911
40.42034344324324,-3.6863420675675687,0.0,2021-05-25 11:57:12.438274,804.1018094748293,923.35699841857
40.42037044594594,-3.6862246405405474,0.0,2021-05-25 11:57:14.275353,804.1025993001136,923.3572125854724
40.42039744864864,-3.686107213513526,0.0,2021-05-25 11:57:16.112432,804.1033891216368,923.3574267476181
40.42042445135135,-3.685989786486474,0.0,2021-05-25 11:57:17.949511,804.1041789393988,923.3576409050072
40.42045145405405,-3.6858723594594527,0.0,2021-05-25 11:57:19.786590,804.1049687533995,923.3578550576399
40.420478456756754,-3.6857549324324315,0.0,2021-05-25 11:57:21.623669,804.1057585636386,923.3580692055158
40.420505459459456,-3.6856375054054102,0.0,2021-05-25 11:57:23.460748,804.106548370116,923.3582833486349
40.42053246216216,-3.6855200783783895,0.0,2021-05-25 11:57:25.297827,804.1073381728322,927.9806586176541
40.420559464864866,-3.685402651351337,0.0,2021-05-25 11:57:27.134906,804.1081279717879,923.3587116206037
40.42058646756757,-3.685285224324316,0.0,2021-05-25 11:57:28.971985,804.1089177669813,923.3589257494527
40.42061347027027,-3.6851677972972947,0.0,2021-05-25 11:57:30.809064,804.1097075584133,923.3591398735455
40.42064047297297,-3.6850503702702735,0.0,2021-05-25 11:57:32.646143,804.1104973460841,923.3593539928816
40.42066747567567,-3.6849329432432523,0.0,2021-05-25 11:57:34.483222,804.1112871299937,923.3595681074611
40.42069447837837,-3.684815516216231,0.0,2021-05-25 11:57:36.320301,804.1120769101414,923.3597822172839
40.42072148108108,-3.684698089189179,0.0,2021-05-25 11:57:38.157380,804.1128666865276,923.35999632235
40.42074848378378,-3.684580662162158,0.0,2021-05-25 11:57:39.994459,804.1136564591529,923.3602104226596
40.420775486486484,-3.6844632351351367,0.0,2021-05-25 11:57:41.831538,804.1144462280163,923.3604245182123
40.420802489189185,-3.6843458081081155,0.0,2021-05-25 11:57:43.668617,804.1152359931191,923.3606386090091
40.42082949189189,-3.6842283810810943,0.0,2021-05-25 11:57:45.505696,804.1160257544599,923.3608526950491
40.420856494594595,-3.6841109540540424,0.0,2021-05-25 11:57:47.342775,804.1168155120397,923.3610667763322
40.4208834972973,-3.683993527027021,0.0,2021-05-25 11:57:49.179854,804.1176052658577,923.3612808528587
40.4209105,-3.6838761,0.0,2021-05-25 11:57:51.016933,804.1183950159146,923.361494924629
40.4209105,-3.6838761,0.0,2021-05-25 11:57:52.854012,804.1183950159146,923.361494924629
40.4209589825,-3.683774301250003,0.0,2021-05-25 11:57:54.691091,804.1189640933824,923.3615677224984
40.421007464999995,-3.6836725025000057,0.0,2021-05-25 11:57:56.528170,804.1195331669126,923.3616405157579
40.4210559475,-3.6835707037499934,0.0,2021-05-25 11:57:58.365249,804.1201022365045,923.3617133044071
40.42110443,-3.6834689049999962,0.0,2021-05-25 11:58:00.202328,806.0613630523386,924.067954460319
40.4211529125,-3.683367106249999,0.0,2021-05-25 11:58:02.039407,806.061925506117,924.0680188046857
40.421201395,-3.683265307500002,0.0,2021-05-25 11:58:03.876486,806.0624879559567,924.0680831444506
40.421249877499996,-3.6831635087500048,0.0,2021-05-25 11:58:05.713565,806.0630504018579,924.0681474796136
40.421298359999994,-3.6830617100000076,0.0,2021-05-25 11:58:07.550644,806.0636128438206,924.0682118101748
40.4213468425,-3.6829599112499953,0.0,2021-05-25 11:58:09.387723,806.0641752818452,924.0682761361342
40.421395325,-3.682858112499998,0.0,2021-05-25 11:58:11.224802,806.0647377159314,929.409138144357
40.4214438075,-3.682756313750001,0.0,2021-05-25 11:58:13.061881,806.0653001460793,924.0684047742478
40.421492289999996,-3.682654515000004,0.0,2021-05-25 11:58:14.898960,806.0658625722883,929.4101882536506
40.421540772499995,-3.6825527162500067,0.0,2021-05-25 11:58:16.736039,806.0664249945594,924.0685333939542
40.421589255,-3.6824509174999944,0.0,2021-05-25 11:58:18.573118,806.0669874128919,924.0685976969048
40.4216377375,-3.6823491187499973,0.0,2021-05-25 11:58:20.410197,806.0675498272861,924.0686619952535
40.42168622,-3.68224732,0.0,2021-05-25 11:58:22.247276,0.0,0.0
40.4217347025,-3.682145521250003,0.0,2021-05-25 11:58:24.084355,0.0,0.0
40.421783184999995,-3.6820437225000058,0.0,2021-05-25 11:58:25.921434,0.0,0.0
40.4218316675,-3.6819419237499935,0.0,2021-05-25 11:58:27.758513,0.0,0.0
40.42188015,-3.6818401249999964,0.0,2021-05-25 11:58:29.595592,0.0,0.0
40.4219286325,-3.681738326249999,0.0,2021-05-25 11:58:31.432671,0.0,0.0
40.421977115,-3.681636527500002,0.0,2021-05-25 11:58:33.269750,0.0,0.0
40.422025597499996,-3.681534728750005,0.0,2021-05-25 11:58:35.106829,0.0,0.0
40.42207408,-3.6814329299999926,0.0,2021-05-25 11:58:36.943908,0.0,0.0
40.4221225625,-3.6813311312499954,0.0,2021-05-25 11:58:38.780987,0.0,0.0
40.422171045,-3.6812293324999983,0.0,2021-05-25 11:58:40.618066,806.0737361256889,924.069368973375
40.4222195275,-3.681127533750001,0.0,2021-05-25 11:58:42.455145,806.0742984928227,924.0694332165032
40.422268009999996,-3.681025735000004,0.0,2021-05-25 11:58:44.292224,0.0,0.0
40.422316492499995,-3.6809239362500064,0.0,2021-05-25 11:58:46.129303,0.0,0.0
40.422364975,-3.6808221374999945,0.0,2021-05-25 11:58:47.966382,0.0,0.0
40.4224134575,-3.6807203387499974,0.0,2021-05-25 11:58:49.803461,806.0765479219729,929.4201634073223
40.42246194,-3.68061854,0.0,2021-05-25 11:58:51.640540,806.0771102694148,929.4206883710685
40.4225104225,-3.680516741250003,0.0,2021-05-25 11:58:53.477619,806.0776726129174,924.0698185786348
40.422558904999995,-3.6804149425000054,0.0,2021-05-25 11:58:55.314698,806.0782349524824,924.0698827895509
40.4226073875,-3.6803131437499936,0.0,2021-05-25 11:58:57.151777,0.0,0.0
40.42265587,-3.6802113449999965,0.0,2021-05-25 11:58:58.988856,0.0,0.0
40.4227043525,-3.6801095462499993,0.0,2021-05-25 11:59:00.825935,808.0076070887309,930.8190045621436
40.422752835,-3.6800077475000017,0.0,2021-05-25 11:59:02.663014,808.0081627977922,930.8195212374562
40.422801317499996,-3.6799059487500045,0.0,2021-05-25 11:59:04.500093,808.0087185029142,930.8200379083348
40.422849799999995,-3.6798041500000074,0.0,2021-05-25 11:59:06.337172,808.0092742040981,930.8205545747807
40.4228982825,-3.6797023512499956,0.0,2021-05-25 11:59:08.174251,808.0098299013433,924.7585455967987
40.422946765,-3.6796005524999984,0.0,2021-05-25 11:59:10.011330,808.0103855946494,930.8215878943711
40.4229952475,-3.679498753750001,0.0,2021-05-25 11:59:11.848409,0.0,0.0
40.423043729999996,-3.6793969550000036,0.0,2021-05-25 11:59:13.685488,0.0,0.0
40.423092212499995,-3.6792951562500065,0.0,2021-05-25 11:59:15.522567,808.0120526509357,924.7587685802764
40.423140695,-3.6791933574999947,0.0,2021-05-25 11:59:17.359646,808.0126083284873,924.7588243146631
40.4231891775,-3.679091558749997,0.0,2021-05-25 11:59:19.196725,808.0131640021001,924.7588800444566
40.42323766,-3.67898976,0.0,2021-05-25 11:59:21.033804,808.0137196717742,924.758935769657
40.4232861425,-3.6788879612500027,0.0,2021-05-25 11:59:22.870883,0.0,0.0
40.423334624999995,-3.6787861625000056,0.0,2021-05-25 11:59:24.707962,0.0,0.0
40.4233831075,-3.6786843637499937,0.0,2021-05-25 11:59:26.545041,808.0153866571632,924.7591029176986
40.42343159,-3.678582564999996,0.0,2021-05-25 11:59:28.382120,808.0159423110827,924.7591586245263
40.4234800725,-3.678480766249999,0.0,2021-05-25 11:59:30.219199,808.0164979610622,930.8272708351235
40.423528555,-3.678378967500002,0.0,2021-05-25 11:59:32.056278,0.0,0.0
40.423577037499996,-3.6782771687500047,0.0,2021-05-25 11:59:33.893357,808.0176092492064,924.7593257174501
40.42362552,-3.678175369999993,0.0,2021-05-25 11:59:35.730436,808.0181648873712,924.7593814059051
40.4236740025,-3.6780735712499952,0.0,2021-05-25 11:59:37.567515,808.0187205215965,924.7594370897671
40.423722485,-3.677971772499998,0.0,2021-05-25 11:59:39.404594,808.0192761518827,924.7594927690358
40.4237709675,-3.677869973750001,0.0,2021-05-25 11:59:41.241673,808.019831778231,924.7595484437115
40.423819449999996,-3.6777681750000037,0.0,2021-05-25 11:59:43.078752,808.0203874006396,924.759604113794
40.423867932499995,-3.6776663762500066,0.0,2021-05-25 11:59:44.915831,808.0209430191102,924.7596597792834
40.423916415,-3.6775645774999943,0.0,2021-05-25 11:59:46.752910,808.0214986336422,924.7597154401797
40.4239648975,-3.677462778749997,0.0,2021-05-25 11:59:48.589989,808.0220542442347,924.7597710964826
40.42401338,-3.67736098,0.0,2021-05-25 11:59:50.427068,808.0226098508892,924.759826748193
40.4240618625,-3.677259181250003,0.0,2021-05-25 11:59:52.264147,808.0231654536043,924.7598823953098
40.424110344999995,-3.6771573825000057,0.0,2021-05-25 11:59:54.101226,808.0237210523816,924.7599380378338
40.4241588275,-3.6770555837499934,0.0,2021-05-25 11:59:55.938305,808.0242766472195,924.7599936757646
40.42420731,-3.6769537849999963,0.0,2021-05-25 11:59:57.775384,808.0248322381192,924.7600493091027
40.4242557925,-3.676851986249999,0.0,2021-05-25 11:59:59.612463,808.0253878250801,924.7601049378475
40.424304275,-3.676750187500002,0.0,2021-05-25 12:00:01.449542,809.9405795497458,925.430495551951
40.424352757499996,-3.6766483887500048,0.0,2021-05-25 12:00:03.286621,809.941128507425,925.4305427639249
40.424401239999995,-3.6765465900000076,0.0,2021-05-25 12:00:05.123700,809.9416774611648,925.430589971314
40.4244497225,-3.6764447912499953,0.0,2021-05-25 12:00:06.960779,809.9422264109661,932.2147426039456
40.424498205,-3.676342992499998,0.0,2021-05-25 12:00:08.797858,0.0,0.0
40.4245466875,-3.676241193750001,0.0,2021-05-25 12:00:10.634937,809.9433242987509,932.2157591051935
40.424595169999996,-3.676139395000004,0.0,2021-05-25 12:00:12.472016,809.943873236735,932.2162673491681
40.424643652499995,-3.6760375962500067,0.0,2021-05-25 12:00:14.309095,809.94442217078,925.4308259394917
40.424692135,-3.6759357974999944,0.0,2021-05-25 12:00:16.146174,809.9449711008858,925.4308731193736
40.4247406175,-3.6758339987499973,0.0,2021-05-25 12:00:17.983253,809.9455200270528,925.430920294671
40.4247891,-3.6757322,0.0,2021-05-25 12:00:19.820332,809.9460689492804,925.4309674653838
40.4247891,-3.6757322,0.0,2021-05-25 12:00:21.657411,809.9460689492804,925.4309674653838
40.4247831,-3.67560894102566,0.0,2021-05-25 12:00:23.494490,809.9470375307594,925.4313206894354
40.4247771,-3.6754856820513195,0.0,2021-05-25 12:00:25.331569,809.9480061092698,925.4316739093427
40.4247711,-3.6753624230769795,0.0,2021-05-25 12:00:27.168648,809.9489746848114,932.2203413732234
40.424765099999995,-3.6752391641024933,0.0,2021-05-25 12:00:29.005727,809.949943257385,932.2210217286823
40.424759099999996,-3.675115905128153,0.0,2021-05-25 12:00:30.842806,809.9509118269881,932.2217020797883
40.4247531,-3.6749926461538127,0.0,2021-05-25 12:00:32.679885,809.9518803936223,932.2223824265429
40.4247471,-3.674869387179472,0.0,2021-05-25 12:00:34.516964,809.9528489572874,925.4334399467068
40.4247411,-3.674746128205132,0.0,2021-05-25 12:00:36.354043,809.9538175179836,925.4337931417448
40.4247351,-3.6746228692307916,0.0,2021-05-25 12:00:38.191122,809.9547860757112,925.4341463326385
40.4247291,-3.6744996102564516,0.0,2021-05-25 12:00:40.028201,809.9557546304692,925.4344995193868
40.4247231,-3.674376351282111,0.0,2021-05-25 12:00:41.865280,809.9567231822585,925.4348527019906
40.424717099999995,-3.674253092307625,0.0,2021-05-25 12:00:43.702359,809.9576917310799,925.4352058804499
40.424711099999996,-3.674129833333285,0.0,2021-05-25 12:00:45.539438,809.9586602769313,925.435559054764
40.4247051,-3.6740065743589443,0.0,2021-05-25 12:00:47.376517,809.9596288198137,925.4359122249332
40.4246991,-3.673883315384604,0.0,2021-05-25 12:00:49.213596,809.9605973597263,925.4362653909575
40.4246931,-3.6737600564102637,0.0,2021-05-25 12:00:51.050675,809.9615658966707,925.4366185528372
40.4246871,-3.6736367974359236,0.0,2021-05-25 12:00:52.887754,809.9625344306456,925.4369717105719
40.4246811,-3.6735135384615836,0.0,2021-05-25 12:00:54.724833,809.9635029616524,925.4373248641622
40.4246751,-3.673390279487243,0.0,2021-05-25 12:00:56.561912,809.964471489689,925.4376780136071
40.424669099999996,-3.673267020512757,0.0,2021-05-25 12:00:58.398991,809.9654400147577,925.4380311589074
40.4246631,-3.6731437615384164,0.0,2021-05-25 12:01:00.236070,0.0,0.0
40.4246571,-3.6730205025640763,0.0,2021-05-25 12:01:02.073149,0.0,0.0
40.4246511,-3.6728972435897362,0.0,2021-05-25 12:01:03.910228,0.0,0.0
40.4246451,-3.6727739846153957,0.0,2021-05-25 12:01:05.747307,0.0,0.0
40.4246391,-3.6726507256410557,0.0,2021-05-25 12:01:07.584386,0.0,0.0
40.4246331,-3.672527466666715,0.0,2021-05-25 12:01:09.421465,0.0,0.0
40.4246271,-3.672404207692375,0.0,2021-05-25 12:01:11.258544,0.0,0.0
40.424621099999996,-3.672280948717889,0.0,2021-05-25 12:01:13.095623,0.0,0.0
40.4246151,-3.6721576897435484,0.0,2021-05-25 12:01:14.932702,0.0,0.0
40.4246091,-3.6720344307692083,0.0,2021-05-25 12:01:16.769781,0.0,0.0
40.4246031,-3.671911171794868,0.0,2021-05-25 12:01:18.606860,0.0,0.0
40.4245971,-3.6717879128205277,0.0,2021-05-25 12:01:20.443939,0.0,0.0
40.4245911,-3.6716646538461872,0.0,2021-05-25 12:01:22.281018,0.0,0.0
40.4245851,-3.671541394871847,0.0,2021-05-25 12:01:24.118097,0.0,0.0
40.4245791,-3.6714181358975067,0.0,2021-05-25 12:01:25.955176,0.0,0.0
40.424573099999996,-3.6712948769230205,0.0,2021-05-25 12:01:27.792255,0.0,0.0
40.4245671,-3.6711716179486804,0.0,2021-05-25 12:01:29.629334,0.0,0.0
40.4245611,-3.67104835897434,0.0,2021-05-25 12:01:31.466413,0.0,0.0
40.4245551,-3.6709251,0.0,2021-05-25 12:01:33.303492,0.0,0.0
40.4245551,-3.6709251,0.0,2021-05-25 12:01:35.140571,0.0,0.0
40.4244386,-3.6709354799999994,0.0,2021-05-25 12:01:36.977650,0.0,0.0
40.4243221,-3.6709458599999993,0.0,2021-05-25 12:01:38.814729,0.0,0.0
40.4242056,-3.6709562399999993,0.0,2021-05-25 12:01:40.651808,0.0,0.0
40.424089099999996,-3.6709666199999993,0.0,2021-05-25 12:01:42.488887,0.0,0.0
40.4239726,-3.670976999999999,0.0,2021-05-25 12:01:44.325966,0.0,0.0
40.4239726,-3.670976999999999,0.0,2021-05-25 12:01:46.163045,0.0,0.0
