Latitud,Longitud,Tunel,Tiempo,GHI,POA
40.4088697,-3.6923659,0.0,2021-05-26 16:12:48.108703,828.7392241616408,944.1479007399228
40.40878925,-3.6923038833333344,0.0,2021-05-26 16:12:49.948591,0.0,0.0
40.4087088,-3.6922418666666683,0.0,2021-05-26 16:12:51.788479,0.0,0.0
40.40862835,-3.6921798500000027,0.0,2021-05-26 16:12:53.628367,0.0,0.0
40.408547899999995,-3.6921178333333318,0.0,2021-05-26 16:12:55.468255,0.0,0.0
40.408467449999996,-3.6920558166666657,0.0,2021-05-26 16:12:57.308143,828.7389906809134,944.146869815517
40.408387,-3.6919938,0.0,2021-05-26 16:12:59.148031,828.7389439734394,944.1466636192112
40.408387,-3.6919938,0.0,2021-05-26 16:13:00.987919,826.9567519618492,942.9517677285679
40.40833467352941,-3.691898523529413,0.0,2021-05-26 16:13:02.827807,826.9563247314773,942.9513651306404
40.40828234705882,-3.691803247058826,0.0,2021-05-26 16:13:04.667695,0.0,0.0
40.408230020588235,-3.6917079705882387,0.0,2021-05-26 16:13:06.507583,0.0,0.0
40.40817769411765,-3.691612694117652,0.0,2021-05-26 16:13:08.347471,0.0,0.0
40.40812536764706,-3.6915174176470646,0.0,2021-05-26 16:13:10.187359,826.9546157721256,942.9497546972732
40.408073041176465,-3.6914221411764645,0.0,2021-05-26 16:13:12.027247,826.9541885228217,942.949352078517
40.40802071470588,-3.6913268647058777,0.0,2021-05-26 16:13:13.867135,826.9537612697317,942.9489494555954
40.40796838823529,-3.6912315882352904,0.0,2021-05-26 16:13:15.707023,826.9533340128553,942.9485468285081
40.4079160617647,-3.691136311764703,0.0,2021-05-26 16:13:17.546911,826.9529067521922,942.9481441972548
40.407863735294114,-3.6910410352941163,0.0,2021-05-26 16:13:19.386799,826.9524794877428,942.9477415618359
40.40781140882353,-3.690945758823529,0.0,2021-05-26 16:13:21.226687,826.9520522195072,930.7806886920746
40.40775908235294,-3.690850482352942,0.0,2021-05-26 16:13:23.066575,826.951624947485,930.7807426376822
40.40770675588235,-3.690755205882355,0.0,2021-05-26 16:13:24.906463,826.9511976716769,930.7807965790279
40.407654429411764,-3.6906599294117677,0.0,2021-05-26 16:13:26.746351,826.950770392082,930.7808505161106
40.407602102941176,-3.690564652941181,0.0,2021-05-26 16:13:28.586239,826.9503431087007,930.7809044489311
40.40754977647059,-3.6904693764705936,0.0,2021-05-26 16:13:30.426127,826.9499158215333,930.7809583774892
40.407497449999994,-3.6903740999999934,0.0,2021-05-26 16:13:32.266015,826.9494885305791,942.9449229972638
40.407445123529406,-3.6902788235294066,0.0,2021-05-26 16:13:34.105903,826.949061235839,942.9445203285195
40.40739279705882,-3.6901835470588193,0.0,2021-05-26 16:13:35.945791,826.9486339373123,942.9441176556091
40.40734047058823,-3.6900882705882325,0.0,2021-05-26 16:13:37.785679,826.9482066349995,942.9437149785333
40.40728814411764,-3.6899929941176453,0.0,2021-05-26 16:13:39.625567,826.9477793288999,942.9433122972915
40.407235817647056,-3.689897717647058,0.0,2021-05-26 16:13:41.465455,0.0,0.0
40.40718349117647,-3.689802441176471,0.0,2021-05-26 16:13:43.305343,0.0,0.0
40.40713116470588,-3.689707164705884,0.0,2021-05-26 16:13:45.145231,826.9464973878828,942.942104228572
40.40707883823529,-3.689611888235297,0.0,2021-05-26 16:13:46.985119,826.9460700666377,942.9417015306674
40.407026511764705,-3.68951661176471,0.0,2021-05-26 16:13:48.825007,826.9456427416067,942.9412988285976
40.40697418529412,-3.6894213352941225,0.0,2021-05-26 16:13:50.664895,826.9452154127887,942.9408961223613
40.40692185882353,-3.6893260588235357,0.0,2021-05-26 16:13:52.504783,826.9447880801846,942.94049341196
40.406869532352935,-3.6892307823529356,0.0,2021-05-26 16:13:54.344671,826.944360743794,942.9400906973924
40.40681720588235,-3.6891355058823483,0.0,2021-05-26 16:13:56.184559,826.943933403617,942.9396879786593
40.40676487941176,-3.6890402294117615,0.0,2021-05-26 16:13:58.024447,0.0,0.0
40.40671255294117,-3.688944952941174,0.0,2021-05-26 16:13:59.864335,0.0,0.0
40.406660226470585,-3.6888496764705874,0.0,2021-05-26 16:14:01.704223,0.0,0.0
40.4066079,-3.6887544,0.0,2021-05-26 16:14:03.544111,0.0,0.0
40.4066079,-3.6887544,0.0,2021-05-26 16:14:05.383999,0.0,0.0
40.40672085,-3.6887201999999997,0.0,2021-05-26 16:14:07.223887,0.0,0.0
40.4068338,-3.6886859999999992,0.0,2021-05-26 16:14:09.063775,0.0,0.0
40.406946749999996,-3.6886518000000006,0.0,2021-05-26 16:14:10.903663,0.0,0.0
40.4070597,-3.6886176,0.0,2021-05-26 16:14:12.743551,0.0,0.0
40.4070597,-3.6886176,0.0,2021-05-26 16:14:14.583439,0.0,0.0
40.407161439999996,-3.6886198,0.0,2021-05-26 16:14:16.423327,0.0,0.0
40.40726318,-3.688622,0.0,2021-05-26 16:14:18.263215,0.0,0.0
40.40736492,-3.6886241999999996,0.0,2021-05-26 16:14:20.103103,825.1420338774404,930.2631072555246
40.40746666,-3.6886263999999995,0.0,2021-05-26 16:14:21.942991,825.1415570064471,941.7230031373028
40.4075684,-3.6886285999999995,0.0,2021-05-26 16:14:23.782879,825.1410801323766,941.7229058518392
40.40767014,-3.6886307999999994,0.0,2021-05-26 16:14:25.622767,825.1406032552292,941.7228085630775
40.40777188,-3.6886329999999994,0.0,2021-05-26 16:14:27.462655,825.1401263750048,941.722711271018
40.40787362,-3.688635199999999,0.0,2021-05-26 16:14:29.302543,825.1396494917042,941.7226139756615
40.40797536,-3.688637399999999,0.0,2021-05-26 16:14:31.142431,825.1391726053266,941.7225166770068
40.4080771,-3.688639599999999,0.0,2021-05-26 16:14:32.982319,0.0,0.0
40.4080771,-3.688639599999999,0.0,2021-05-26 16:14:34.822207,0.0,0.0
40.408168116535435,-3.6886390708661407,0.0,2021-05-26 16:14:36.662095,0.0,0.0
40.408259133070864,-3.6886385417322822,0.0,2021-05-26 16:14:38.501983,0.0,0.0
40.4083501496063,-3.688638012598424,0.0,2021-05-26 16:14:40.341871,0.0,0.0
40.408441166141735,-3.6886374834645657,0.0,2021-05-26 16:14:42.181759,0.0,0.0
40.40853218267716,-3.6886369543307076,0.0,2021-05-26 16:14:44.021647,825.1364724967731,941.7219230172036
40.4086231992126,-3.688636425196849,0.0,2021-05-26 16:14:45.861535,0.0,0.0
40.408714215748034,-3.688635896062991,0.0,2021-05-26 16:14:47.701423,0.0,0.0
40.40880523228346,-3.6886353669291325,0.0,2021-05-26 16:14:49.541311,0.0,0.0
40.4088962488189,-3.6886348377952745,0.0,2021-05-26 16:14:51.381199,825.1346938780695,941.7215258839578
40.408987265354334,-3.6886343086614164,0.0,2021-05-26 16:14:53.221087,825.1342492173626,941.7214265941236
40.40907828188976,-3.688633779527558,0.0,2021-05-26 16:14:55.060975,825.133804554243,930.2550773213243
40.4091692984252,-3.6886332503937,0.0,2021-05-26 16:14:56.900863,825.1333598887112,941.7212280066271
40.409260314960626,-3.6886327212598413,0.0,2021-05-26 16:14:58.740751,825.1329152207667,941.7211287089651
40.40935133149606,-3.6886321921259833,0.0,2021-05-26 16:15:00.580639,823.3238162315679,940.489170670176
40.4094423480315,-3.6886316629921247,0.0,2021-05-26 16:15:02.420527,823.3233740028655,940.4890727891797
40.409533364566926,-3.6886311338582667,0.0,2021-05-26 16:15:04.260415,823.3229317717556,940.4889749055792
40.40962438110236,-3.6886306047244086,0.0,2021-05-26 16:15:06.100303,823.3224895382376,940.4888770193746
40.4097153976378,-3.68863007559055,0.0,2021-05-26 16:15:07.940191,0.0,0.0
40.409806414173225,-3.688629546456692,0.0,2021-05-26 16:15:09.780079,0.0,0.0
40.40989743070866,-3.6886290173228335,0.0,2021-05-26 16:15:11.619967,823.321162823238,940.4885833451365
40.409988447244096,-3.6886284881889755,0.0,2021-05-26 16:15:13.459855,0.0,0.0
40.410079463779525,-3.688627959055117,0.0,2021-05-26 16:15:15.299743,823.3202783345324,929.7179345314796
40.41017048031496,-3.688627429921259,0.0,2021-05-26 16:15:17.139631,823.3198360865681,940.4882896474614
40.410261496850396,-3.6886269007874004,0.0,2021-05-26 16:15:18.979519,823.3193938361964,940.4881917430286
40.410352513385824,-3.6886263716535423,0.0,2021-05-26 16:15:20.819407,823.3189515834168,940.4880938359917
40.41044352992126,-3.6886258425196843,0.0,2021-05-26 16:15:22.659295,823.3185093282295,940.4879959263505
40.410534546456695,-3.6886253133858258,0.0,2021-05-26 16:15:24.499183,823.3180670706344,940.4878980141052
40.410625562992124,-3.6886247842519677,0.0,2021-05-26 16:15:26.339071,823.3176248106317,940.4878000992561
40.41071657952756,-3.688624255118109,0.0,2021-05-26 16:15:28.178959,823.3171825482214,940.4877021818027
40.410807596062995,-3.688623725984251,0.0,2021-05-26 16:15:30.018847,823.3167402834034,940.4876042617456
40.41089861259842,-3.6886231968503926,0.0,2021-05-26 16:15:31.858735,823.3162980161773,940.4875063390839
40.41098962913386,-3.6886226677165346,0.0,2021-05-26 16:15:33.698623,823.3158557465435,940.4874084138182
40.411080645669294,-3.688622138582676,0.0,2021-05-26 16:15:35.538511,0.0,0.0
40.41117166220472,-3.688621609448818,0.0,2021-05-26 16:15:37.378399,823.3149712000534,940.4872125554753
40.41126267874016,-3.68862108031496,0.0,2021-05-26 16:15:39.218287,823.3145289231967,940.4871146223975
40.411353695275594,-3.6886205511811014,0.0,2021-05-26 16:15:41.058175,823.3140866439323,940.4870166867156
40.41144471181102,-3.6886200220472434,0.0,2021-05-26 16:15:42.898063,823.3136443622602,940.4869187484297
40.41153572834646,-3.688619492913385,0.0,2021-05-26 16:15:44.737951,823.3132020781807,940.48682080754
40.411626744881886,-3.688618963779527,0.0,2021-05-26 16:15:46.577839,0.0,0.0
40.41171776141732,-3.6886184346456683,0.0,2021-05-26 16:15:48.417727,823.3123175027978,940.4866249179477
40.41180877795276,-3.6886179055118102,0.0,2021-05-26 16:15:50.257615,823.3118752114948,929.7098276232546
40.411899794488185,-3.688617376377952,0.0,2021-05-26 16:15:52.097503,823.3114329177841,929.7094009203203
40.41199081102362,-3.6886168472440937,0.0,2021-05-26 16:15:53.937391,823.3109906216657,940.4863310640288
40.41208182755906,-3.6886163181102356,0.0,2021-05-26 16:15:55.777279,823.3105483231398,940.4862331075144
40.412172844094485,-3.688615788976377,0.0,2021-05-26 16:15:57.617167,823.3101060222062,940.4861351483961
40.41226386062992,-3.688615259842519,0.0,2021-05-26 16:15:59.457055,823.3096637188651,940.4860371866736
40.412354877165356,-3.6886147307086605,0.0,2021-05-26 16:16:01.296943,821.4875481597395,939.235786278668
40.412445893700784,-3.6886142015748025,0.0,2021-05-26 16:16:03.136831,0.0,0.0
40.41253691023622,-3.688613672440944,0.0,2021-05-26 16:16:04.976719,0.0,0.0
40.412627926771655,-3.688613143307086,0.0,2021-05-26 16:16:06.816607,0.0,0.0
40.412718943307084,-3.688612614173228,0.0,2021-05-26 16:16:08.656495,821.485788761382,939.235400133799
40.41280995984252,-3.6886120850393693,0.0,2021-05-26 16:16:10.496383,821.485348905785,939.2353035910843
40.412900976377955,-3.6886115559055113,0.0,2021-05-26 16:16:12.336271,821.4849090477858,939.2352070457712
40.41299199291338,-3.6886110267716528,0.0,2021-05-26 16:16:14.176159,821.4844691873831,939.2351104978586
40.41308300944882,-3.6886104976377947,0.0,2021-05-26 16:16:16.016047,821.4840293245779,939.2350139473475
40.413174025984254,-3.688609968503936,0.0,2021-05-26 16:16:17.855935,821.4835894593693,939.2349173942372
40.41326504251968,-3.688609439370078,0.0,2021-05-26 16:16:19.695823,821.4831495917582,939.2348208385284
40.41335605905512,-3.6886089102362196,0.0,2021-05-26 16:16:21.535711,0.0,0.0
40.413447075590554,-3.6886083811023616,0.0,2021-05-26 16:16:23.375599,0.0,0.0
40.41353809212598,-3.6886078519685035,0.0,2021-05-26 16:16:25.215487,821.481829974507,939.2345311558079
40.41362910866142,-3.688607322834645,0.0,2021-05-26 16:16:27.055375,821.4813900972844,939.2344345897033
40.41372012519685,-3.688606793700787,0.0,2021-05-26 16:16:28.895263,821.4809502176583,929.1510073751303
40.41381114173228,-3.6886062645669284,0.0,2021-05-26 16:16:30.735151,0.0,0.0
40.41390215826772,-3.6886057354330704,0.0,2021-05-26 16:16:32.575039,0.0,0.0
40.413993174803146,-3.688605206299212,0.0,2021-05-26 16:16:34.414927,0.0,0.0
40.41408419133858,-3.688604677165354,0.0,2021-05-26 16:16:36.254815,0.0,0.0
40.41417520787402,-3.6886041480314953,0.0,2021-05-26 16:16:38.094703,0.0,0.0
40.414266224409445,-3.688603618897637,0.0,2021-05-26 16:16:39.934591,821.4783108894425,939.2337585542012
40.41435724094488,-3.688603089763779,0.0,2021-05-26 16:16:41.774479,0.0,0.0
40.414448257480316,-3.6886025606299206,0.0,2021-05-26 16:16:43.614367,821.4774310941477,939.2335653778108
40.414539274015745,-3.6886020314960626,0.0,2021-05-26 16:16:45.454255,0.0,0.0
40.41463029055118,-3.688601502362204,0.0,2021-05-26 16:16:47.294143,0.0,0.0
40.414721307086616,-3.688600973228346,0.0,2021-05-26 16:16:49.134031,821.476111383183,939.2332755937327
40.414812323622044,-3.6886004440944875,0.0,2021-05-26 16:16:50.973919,821.4756714747227,929.1459119953681
40.41490334015748,-3.6885999149606294,0.0,2021-05-26 16:16:52.813807,821.4752315638592,939.2330823913532
40.414994356692915,-3.688599385826771,0.0,2021-05-26 16:16:54.653695,0.0,0.0
40.415085373228344,-3.688598856692913,0.0,2021-05-26 16:16:56.493583,0.0,0.0
40.41517638976378,-3.688598327559055,0.0,2021-05-26 16:16:58.333471,821.4739118168517,939.2327925682914
40.415267406299215,-3.6885977984251963,0.0,2021-05-26 16:17:00.173359,819.6388155745377,937.9642646099061
40.41535842283464,-3.6885972692913382,0.0,2021-05-26 16:17:02.013247,0.0,0.0
40.41544943937008,-3.6885967401574797,0.0,2021-05-26 16:17:03.853135,819.6379406868306,937.9640742709985
40.415540455905514,-3.6885962110236217,0.0,2021-05-26 16:17:05.693023,0.0,0.0
40.41563147244094,-3.688595681889763,0.0,2021-05-26 16:17:07.532911,0.0,0.0
40.41572248897638,-3.688595152755905,0.0,2021-05-26 16:17:09.372799,0.0,0.0
40.415813505511814,-3.6885946236220466,0.0,2021-05-26 16:17:11.212687,0.0,0.0
40.41590452204724,-3.6885940944881885,0.0,2021-05-26 16:17:13.052575,819.6357534255962,937.9635983783406
40.41599553858268,-3.6885935653543305,0.0,2021-05-26 16:17:14.892463,0.0,0.0
40.41608655511811,-3.688593036220472,0.0,2021-05-26 16:17:16.732351,0.0,0.0
40.41617757165354,-3.688592507086614,0.0,2021-05-26 16:17:18.572239,819.6344410400784,937.9633128116216
40.41626858818898,-3.6885919779527554,0.0,2021-05-26 16:17:20.412127,0.0,0.0
40.416359604724406,-3.6885914488188973,0.0,2021-05-26 16:17:22.252015,819.6335661044095,937.9631224208403
40.41645062125984,-3.688590919685039,0.0,2021-05-26 16:17:24.091903,819.6331286329781,937.9630272215592
40.41654163779528,-3.6885903905511808,0.0,2021-05-26 16:17:25.931791,819.6326911591484,937.9629320196842
40.416632654330705,-3.6885898614173227,0.0,2021-05-26 16:17:27.771679,819.6322536829207,928.5701007898175
40.41672367086614,-3.688589332283464,0.0,2021-05-26 16:17:29.611567,819.6318162042949,937.9627416081531
40.416814687401576,-3.688588803149606,0.0,2021-05-26 16:17:31.451455,819.6313787232712,937.9626463984974
40.416905703937005,-3.6885882740157476,0.0,2021-05-26 16:17:33.291343,0.0,0.0
40.41699672047244,-3.6885877448818896,0.0,2021-05-26 16:17:35.131231,0.0,0.0
40.417087737007876,-3.688587215748031,0.0,2021-05-26 16:17:36.971119,0.0,0.0
40.417178753543304,-3.688586686614173,0.0,2021-05-26 16:17:38.811007,0.0,0.0
40.41726977007874,-3.6885861574803145,0.0,2021-05-26 16:17:40.650895,0.0,0.0
40.417360786614175,-3.6885856283464564,0.0,2021-05-26 16:17:42.490783,819.6287537867685,937.9620750860935
40.4174518031496,-3.6885850992125984,0.0,2021-05-26 16:17:44.330671,0.0,0.0
40.41754281968504,-3.68858457007874,0.0,2021-05-26 16:17:46.170559,0.0,0.0
40.417633836220475,-3.688584040944882,0.0,2021-05-26 16:17:48.010447,0.0,0.0
40.4177248527559,-3.6885835118110233,0.0,2021-05-26 16:17:49.850335,819.6270037811388,937.9616941592834
40.41781586929134,-3.6885829826771652,0.0,2021-05-26 16:17:51.690223,0.0,0.0
40.417906885826774,-3.6885824535433067,0.0,2021-05-26 16:17:53.530111,0.0,0.0
40.4179979023622,-3.6885819244094487,0.0,2021-05-26 16:17:55.369999,0.0,0.0
40.41808891889764,-3.68858139527559,0.0,2021-05-26 16:17:57.209887,819.6252537371404,937.9613131909741
40.41817993543307,-3.688580866141732,0.0,2021-05-26 16:17:59.049775,0.0,0.0
40.4182709519685,-3.688580337007874,0.0,2021-05-26 16:18:00.889663,0.0,0.0
40.41836196850394,-3.6885798078740155,0.0,2021-05-26 16:18:02.729551,0.0,0.0
40.41845298503937,-3.6885792787401575,0.0,2021-05-26 16:18:04.569439,0.0,0.0
40.4185440015748,-3.688578749606299,0.0,2021-05-26 16:18:06.409327,0.0,0.0
40.41863501811024,-3.688578220472441,0.0,2021-05-26 16:18:08.249215,0.0,0.0
40.418726034645665,-3.6885776913385824,0.0,2021-05-26 16:18:10.089103,817.774604008081,936.6739621292165
40.4188170511811,-3.6885771622047243,0.0,2021-05-26 16:18:11.928991,0.0,0.0
40.418908067716536,-3.6885766330708663,0.0,2021-05-26 16:18:13.768879,817.7737339346393,936.6737745133283
40.418999084251965,-3.6885761039370077,0.0,2021-05-26 16:18:15.608767,0.0,0.0
40.4190901007874,-3.6885755748031497,0.0,2021-05-26 16:18:17.448655,0.0,0.0
40.419181117322836,-3.688575045669291,0.0,2021-05-26 16:18:19.288543,0.0,0.0
40.419272133858264,-3.688574516535433,0.0,2021-05-26 16:18:21.128431,817.7719937590364,936.6733992504901
40.4193631503937,-3.6885739874015746,0.0,2021-05-26 16:18:22.968319,817.7715587091527,936.6733054283095
40.419454166929135,-3.6885734582677165,0.0,2021-05-26 16:18:24.808207,0.0,0.0
40.419545183464564,-3.688572929133858,0.0,2021-05-26 16:18:26.648095,817.7706886022057,936.6731177761827
40.4196362,-3.6885724,0.0,2021-05-26 16:18:28.487983,817.7702535451422,936.6730239462366
40.4196362,-3.6885724,0.0,2021-05-26 16:18:30.327871,817.7702535451422,936.6730239462366
40.419727933333334,-3.6884552333333303,0.0,2021-05-26 16:18:32.167759,817.7689496075602,936.6723246518951
40.41981966666666,-3.68833806666667,0.0,2021-05-26 16:18:34.007647,817.7676456670742,936.6716253523173
40.4199114,-3.6882209,0.0,2021-05-26 16:18:35.847535,817.766341723685,936.6709260475039
40.4199114,-3.6882209,0.0,2021-05-26 16:18:37.687423,817.766341723685,936.6709260475039
40.4199384027027,-3.688103472972979,0.0,2021-05-26 16:18:39.527311,817.7653424678159,936.6702901735894
40.4199654054054,-3.6879860459459577,0.0,2021-05-26 16:18:41.367199,0.0,0.0
40.41999240810811,-3.687868618918906,0.0,2021-05-26 16:18:43.207087,0.0,0.0
40.42001941081081,-3.6877511918918846,0.0,2021-05-26 16:18:45.046975,0.0,0.0
40.42004641351351,-3.6876337648648634,0.0,2021-05-26 16:18:46.886863,817.7613454206177,936.667746639465
40.42007341621621,-3.687516337837842,0.0,2021-05-26 16:18:48.726751,0.0,0.0
40.42010041891891,-3.687398910810821,0.0,2021-05-26 16:18:50.566639,817.7593468827868,936.6664748493249
40.42012742162162,-3.687281483783769,0.0,2021-05-26 16:18:52.406527,817.7583476103127,936.6658389484849
40.42015442432432,-3.687164056756748,0.0,2021-05-26 16:18:54.246415,0.0,0.0
40.420181427027025,-3.6870466297297266,0.0,2021-05-26 16:18:56.086303,0.0,0.0
40.420208429729726,-3.6869292027027054,0.0,2021-05-26 16:18:57.926191,0.0,0.0
40.42023543243243,-3.686811775675684,0.0,2021-05-26 16:18:59.766079,0.0,0.0
40.42026243513513,-3.686694348648663,0.0,2021-05-26 16:19:01.605967,815.8927245921695,935.3575738395903
40.42028943783784,-3.6865769216216107,0.0,2021-05-26 16:19:03.445855,815.8917199685317,935.3569297760146
40.42031644054054,-3.68645949459459,0.0,2021-05-26 16:19:05.285743,815.8907153425359,935.3562857086006
40.42034344324324,-3.6863420675675687,0.0,2021-05-26 16:19:07.125631,815.8897107141817,935.3556416373478
40.42037044594594,-3.6862246405405474,0.0,2021-05-26 16:19:08.965519,815.8887060834692,935.3549975622566
40.42039744864864,-3.686107213513526,0.0,2021-05-26 16:19:10.805407,815.8877014503984,927.3595189594892
40.42042445135135,-3.685989786486474,0.0,2021-05-26 16:19:12.645295,815.8866968149692,935.3537094005582
40.42045145405405,-3.6858723594594527,0.0,2021-05-26 16:19:14.485183,815.8856921771822,935.3530653139512
40.420478456756754,-3.6857549324324315,0.0,2021-05-26 16:19:16.325071,815.8846875370372,935.3524212235059
40.420505459459456,-3.6856375054054102,0.0,2021-05-26 16:19:18.164959,815.8836828945335,935.3517771292219
40.42053246216216,-3.6855200783783895,0.0,2021-05-26 16:19:20.004847,0.0,0.0
40.420559464864866,-3.685402651351337,0.0,2021-05-26 16:19:21.844735,815.881673602452,935.3504889291386
40.42058646756757,-3.685285224324316,0.0,2021-05-26 16:19:23.684623,815.880668952874,935.3498448233389
40.42061347027027,-3.6851677972972947,0.0,2021-05-26 16:19:25.524511,815.879664300938,935.3492007137011
40.42064047297297,-3.6850503702702735,0.0,2021-05-26 16:19:27.364399,815.8786596466438,935.3485566002246
40.42066747567567,-3.6849329432432523,0.0,2021-05-26 16:19:29.204287,815.8776549899914,935.3479124829096
40.42069447837837,-3.684815516216231,0.0,2021-05-26 16:19:31.044175,815.8766503309809,935.3472683617563
40.42072148108108,-3.684698089189179,0.0,2021-05-26 16:19:32.884063,815.875645669612,935.3466242367642
40.42074848378378,-3.684580662162158,0.0,2021-05-26 16:19:34.723951,815.8746410058853,935.3459801079338
40.420775486486484,-3.6844632351351367,0.0,2021-05-26 16:19:36.563839,815.8736363398003,935.3453359752648
40.420802489189185,-3.6843458081081155,0.0,2021-05-26 16:19:38.403727,815.8726316713573,935.3446918387573
40.42082949189189,-3.6842283810810943,0.0,2021-05-26 16:19:40.243615,815.8716270005564,935.3440476984116
40.420856494594595,-3.6841109540540424,0.0,2021-05-26 16:19:42.083503,815.8706223273967,935.3434035542269
40.4208834972973,-3.683993527027021,0.0,2021-05-26 16:19:43.923391,815.8696176518797,935.3427594062043
40.4209105,-3.6838761,0.0,2021-05-26 16:19:45.763279,815.8686129740045,935.3421152543432
40.4209105,-3.6838761,0.0,2021-05-26 16:19:47.603167,815.8686129740045,935.3421152543432
40.4209589825,-3.683774301250003,0.0,2021-05-26 16:19:49.443055,815.8676239409349,935.3415321499679
40.421007464999995,-3.6836725025000057,0.0,2021-05-26 16:19:51.282943,815.8666349061435,935.3409490424842
40.4210559475,-3.6835707037499934,0.0,2021-05-26 16:19:53.122831,815.8656458696297,935.3403659318923
40.42110443,-3.6834689049999962,0.0,2021-05-26 16:19:54.962719,815.864656831394,935.339782818192
40.4211529125,-3.683367106249999,0.0,2021-05-26 16:19:56.802607,815.8636677914361,935.3391997013832
40.421201395,-3.683265307500002,0.0,2021-05-26 16:19:58.642495,815.862678749756,935.3386165814659
40.421249877499996,-3.6831635087500048,0.0,2021-05-26 16:20:00.482383,813.987960811658,934.0144344185846
40.421298359999994,-3.6830617100000076,0.0,2021-05-26 16:20:02.322271,0.0,0.0
40.4213468425,-3.6829599112499953,0.0,2021-05-26 16:20:04.162159,0.0,0.0
40.421395325,-3.682858112499998,0.0,2021-05-26 16:20:06.002047,813.9849819696838,934.0126651533767
40.4214438075,-3.682756313750001,0.0,2021-05-26 16:20:07.841935,813.9839890189457,934.0120753921105
40.421492289999996,-3.682654515000004,0.0,2021-05-26 16:20:09.681823,813.9829960665008,934.011485627746
40.421540772499995,-3.6825527162500067,0.0,2021-05-26 16:20:11.521711,0.0,0.0
40.421589255,-3.6824509174999944,0.0,2021-05-26 16:20:13.361599,813.981010156491,934.0103060897209
40.4216377375,-3.6823491187499973,0.0,2021-05-26 16:20:15.201487,813.9800171989262,934.0097163160607
40.42168622,-3.68224732,0.0,2021-05-26 16:20:17.041375,813.9790242396546,934.0091265393019
40.4217347025,-3.682145521250003,0.0,2021-05-26 16:20:18.881263,813.9780312786766,934.008536759445
40.421783184999995,-3.6820437225000058,0.0,2021-05-26 16:20:20.721151,0.0,0.0
40.4218316675,-3.6819419237499935,0.0,2021-05-26 16:20:22.561039,0.0,0.0
40.42188015,-3.6818401249999964,0.0,2021-05-26 16:20:24.400927,0.0,0.0
40.4219286325,-3.681738326249999,0.0,2021-05-26 16:20:26.240815,0.0,0.0
40.421977115,-3.681636527500002,0.0,2021-05-26 16:20:28.080703,813.9730664481864,934.0055878136826
40.422025597499996,-3.681534728750005,0.0,2021-05-26 16:20:29.920591,813.9720734769687,934.0049980152351
40.42207408,-3.6814329299999926,0.0,2021-05-26 16:20:31.760479,813.9710805040443,934.0044082136887
40.4221225625,-3.6813311312499954,0.0,2021-05-26 16:20:33.600367,813.9700875294133,934.0038184090441
40.422171045,-3.6812293324999983,0.0,2021-05-26 16:20:35.440255,0.0,0.0
40.4222195275,-3.681127533750001,0.0,2021-05-26 16:20:37.280143,0.0,0.0
40.422268009999996,-3.681025735000004,0.0,2021-05-26 16:20:39.120031,0.0,0.0
40.422316492499995,-3.6809239362500064,0.0,2021-05-26 16:20:40.959919,813.9661156138238,934.0014591594818
40.422364975,-3.6808221374999945,0.0,2021-05-26 16:20:42.799807,813.9651226306601,934.0008693393452
40.4224134575,-3.6807203387499974,0.0,2021-05-26 16:20:44.639695,813.9641296457896,934.00027951611
40.42246194,-3.68061854,0.0,2021-05-26 16:20:46.479583,813.9631366592128,933.9996896897766
40.4225104225,-3.680516741250003,0.0,2021-05-26 16:20:48.319471,813.9621436709295,933.9990998603449
40.422558904999995,-3.6804149425000054,0.0,2021-05-26 16:20:50.159359,813.9611506809401,933.9985100278152
40.4226073875,-3.6803131437499936,0.0,2021-05-26 16:20:51.999247,813.9601576892436,933.9979201921866
40.42265587,-3.6802113449999965,0.0,2021-05-26 16:20:53.839135,813.9591646958411,933.99733035346
40.4227043525,-3.6801095462499993,0.0,2021-05-26 16:20:55.679023,813.9581717007317,933.9967405116347
40.422752835,-3.6800077475000017,0.0,2021-05-26 16:20:57.518911,813.9571787039162,933.9961506667114
40.422801317499996,-3.6799059487500045,0.0,2021-05-26 16:20:59.358799,813.9561857053943,933.9955608186898
40.422849799999995,-3.6798041500000074,0.0,2021-05-26 16:21:01.198687,812.0684274919563,932.6528999572535
40.4228982825,-3.6797023512499956,0.0,2021-05-26 16:21:03.038575,812.0674306150612,932.6523034915205
40.422946765,-3.6796005524999984,0.0,2021-05-26 16:21:04.878463,812.0664337364749,932.6517070226993
40.4229952475,-3.679498753750001,0.0,2021-05-26 16:21:06.718351,0.0,0.0
40.423043729999996,-3.6793969550000036,0.0,2021-05-26 16:21:08.558239,0.0,0.0
40.423092212499995,-3.6792951562500065,0.0,2021-05-26 16:21:10.398127,812.0634430905704,932.6499175977056
40.423140695,-3.6791933574999947,0.0,2021-05-26 16:21:12.238015,812.0624462052202,932.649321116531
40.4231891775,-3.679091558749997,0.0,2021-05-26 16:21:14.077903,812.0614493181793,932.6487246322681
40.42323766,-3.67898976,0.0,2021-05-26 16:21:15.917791,812.0604524294473,932.6481281449169
40.4232861425,-3.6788879612500027,0.0,2021-05-26 16:21:17.757679,812.0594555390242,926.0700817718357
40.423334624999995,-3.6787861625000056,0.0,2021-05-26 16:21:19.597567,812.0584586469101,932.6469351609495
40.4233831075,-3.6786843637499937,0.0,2021-05-26 16:21:21.437455,812.0574617531051,932.6463386643331
40.42343159,-3.678582564999996,0.0,2021-05-26 16:21:23.277343,812.0564648576095,932.6457421646289
40.4234800725,-3.678480766249999,0.0,2021-05-26 16:21:25.117231,812.0554679604227,932.645145661836
40.423528555,-3.678378967500002,0.0,2021-05-26 16:21:26.957119,812.0544710615453,932.6445491559554
40.423577037499996,-3.6782771687500047,0.0,2021-05-26 16:21:28.797007,812.0534741609766,926.0671816168883
40.42362552,-3.678175369999993,0.0,2021-05-26 16:21:30.636895,812.0524772587172,932.6433561349282
40.4236740025,-3.6780735712499952,0.0,2021-05-26 16:21:32.476783,812.0514803547668,932.6427596197824
40.423722485,-3.677971772499998,0.0,2021-05-26 16:21:34.316671,812.0504834491257,932.6421631015484
40.4237709675,-3.677869973750001,0.0,2021-05-26 16:21:36.156559,812.0494865417935,932.6415665802259
40.423819449999996,-3.6777681750000037,0.0,2021-05-26 16:21:37.996447,812.0484896327708,932.6409700558155
40.423867932499995,-3.6776663762500066,0.0,2021-05-26 16:21:39.836335,812.0474927220569,926.0642813687615
40.423916415,-3.6775645774999943,0.0,2021-05-26 16:21:41.676223,812.0464958096521,932.6397769977293
40.4239648975,-3.677462778749997,0.0,2021-05-26 16:21:43.516111,0.0,0.0
40.42401338,-3.67736098,0.0,2021-05-26 16:21:45.355999,812.0445019797705,926.0628312097564
40.4240618625,-3.677259181250003,0.0,2021-05-26 16:21:47.195887,812.0435050622937,932.6379873874389
40.424110344999995,-3.6771573825000057,0.0,2021-05-26 16:21:49.035775,812.0425081431259,932.6373908444989
40.4241588275,-3.6770555837499934,0.0,2021-05-26 16:21:50.875663,812.041511222267,932.6367942984705
40.42420731,-3.6769537849999963,0.0,2021-05-26 16:21:52.715551,812.0405142997178,926.0608976281808
40.4242557925,-3.676851986249999,0.0,2021-05-26 16:21:54.555439,812.0395173754775,926.0604142263162
40.424304275,-3.676750187500002,0.0,2021-05-26 16:21:56.395327,812.0385204495465,926.0599308218633
40.424352757499996,-3.6766483887500048,0.0,2021-05-26 16:21:58.235215,812.037523521925,926.0594474148224
40.424401239999995,-3.6765465900000076,0.0,2021-05-26 16:22:00.075103,810.1367691534102,925.4032044391226
40.4244497225,-3.6764447912499953,0.0,2021-05-26 16:22:01.914991,810.1357683730535,931.2726911732176
40.424498205,-3.676342992499998,0.0,2021-05-26 16:22:03.754879,0.0,0.0
40.4245466875,-3.676241193750001,0.0,2021-05-26 16:22:05.594767,810.1337668073138,931.2714848407587
40.424595169999996,-3.676139395000004,0.0,2021-05-26 16:22:07.434655,810.1327660219309,931.2708816699118
40.424643652499995,-3.6760375962500067,0.0,2021-05-26 16:22:09.274543,810.131765234873,931.2702784959871
40.424692135,-3.6759357974999944,0.0,2021-05-26 16:22:11.114431,810.1307644461397,931.2696753189841
40.4247406175,-3.6758339987499973,0.0,2021-05-26 16:22:12.954319,810.1297636557309,931.269072138903
40.4247891,-3.6757322,0.0,2021-05-26 16:22:14.794207,0.0,0.0
40.4247891,-3.6757322,0.0,2021-05-26 16:22:16.634095,0.0,0.0
40.4247831,-3.67560894102566,0.0,2021-05-26 16:22:18.473983,810.1278502737053,925.3989885726158
40.4247771,-3.6754856820513195,0.0,2021-05-26 16:22:20.313871,810.1269376804639,931.2671291618225
40.4247711,-3.6753624230769795,0.0,2021-05-26 16:22:22.153759,810.1260250839234,931.2664592580493
40.424765099999995,-3.6752391641024933,0.0,2021-05-26 16:22:23.993647,810.1251124840823,931.265789349734
40.424759099999996,-3.675115905128153,0.0,2021-05-26 16:22:25.833535,810.1241998809429,931.2651194368775
40.4247531,-3.6749926461538127,0.0,2021-05-26 16:22:27.673423,810.123287274504,931.2644495194795
40.4247471,-3.674869387179472,0.0,2021-05-26 16:22:29.513311,810.1223746647662,931.2637795975404
40.4247411,-3.674746128205132,0.0,2021-05-26 16:22:31.353199,810.1214620517289,931.2631096710592
40.4247351,-3.6746228692307916,0.0,2021-05-26 16:22:33.193087,810.120549435392,931.2624397400365
40.4247291,-3.6744996102564516,0.0,2021-05-26 16:22:35.032975,810.1196368157562,931.2617698044726
40.4247231,-3.674376351282111,0.0,2021-05-26 16:22:36.872863,810.1187241928209,931.2610998643667
40.424717099999995,-3.674253092307625,0.0,2021-05-26 16:22:38.712751,810.1178115665851,931.2604299197187
40.424711099999996,-3.674129833333285,0.0,2021-05-26 16:22:40.552639,810.1168989370514,931.2597599705298
40.4247051,-3.6740065743589443,0.0,2021-05-26 16:22:42.392527,810.1159863042179,931.2590900167994
40.4246991,-3.673883315384604,0.0,2021-05-26 16:22:44.232415,810.1150736680855,931.2584200585273
40.4246931,-3.6737600564102637,0.0,2021-05-26 16:22:46.072303,810.1141610286537,931.2577500957138
40.4246871,-3.6736367974359236,0.0,2021-05-26 16:22:47.912191,810.1132483859228,931.257080128359
40.4246811,-3.6735135384615836,0.0,2021-05-26 16:22:49.752079,810.1123357398924,931.2564101564622
40.4246751,-3.673390279487243,0.0,2021-05-26 16:22:51.591967,810.1114230905624,931.2557401800238
40.424669099999996,-3.673267020512757,0.0,2021-05-26 16:22:53.431855,0.0,0.0
40.4246631,-3.6731437615384164,0.0,2021-05-26 16:22:55.271743,0.0,0.0
40.4246571,-3.6730205025640763,0.0,2021-05-26 16:22:57.111631,810.1086851227768,925.3926662341164
40.4246511,-3.6728972435897362,0.0,2021-05-26 16:22:58.951519,810.1077724602499,931.2530602288548
40.4246451,-3.6727739846153957,0.0,2021-05-26 16:23:00.791407,0.0,0.0
40.4246391,-3.6726507256410557,0.0,2021-05-26 16:23:02.631295,0.0,0.0
40.4246331,-3.672527466666715,0.0,2021-05-26 16:23:04.471183,0.0,0.0
40.4246271,-3.672404207692375,0.0,2021-05-26 16:23:06.311071,0.0,0.0
40.424621099999996,-3.672280948717889,0.0,2021-05-26 16:23:08.150959,0.0,0.0
40.4246151,-3.6721576897435484,0.0,2021-05-26 16:23:09.990847,0.0,0.0
40.4246091,-3.6720344307692083,0.0,2021-05-26 16:23:11.830735,0.0,0.0
40.4246031,-3.671911171794868,0.0,2021-05-26 16:23:13.670623,0.0,0.0
40.4245971,-3.6717879128205277,0.0,2021-05-26 16:23:15.510511,0.0,0.0
40.4245911,-3.6716646538461872,0.0,2021-05-26 16:23:17.350399,0.0,0.0
40.4245851,-3.671541394871847,0.0,2021-05-26 16:23:19.190287,0.0,0.0
40.4245791,-3.6714181358975067,0.0,2021-05-26 16:23:21.030175,0.0,0.0
40.424573099999996,-3.6712948769230205,0.0,2021-05-26 16:23:22.870063,0.0,0.0
40.4245671,-3.6711716179486804,0.0,2021-05-26 16:23:24.709951,0.0,0.0
40.4245611,-3.67104835897434,0.0,2021-05-26 16:23:26.549839,0.0,0.0
40.4245551,-3.6709251,0.0,2021-05-26 16:23:28.389727,0.0,0.0
40.4245551,-3.6709251,0.0,2021-05-26 16:23:30.229615,0.0,0.0
40.4244386,-3.6709354799999994,0.0,2021-05-26 16:23:32.069503,0.0,0.0
40.4243221,-3.6709458599999993,0.0,2021-05-26 16:23:33.909391,0.0,0.0
40.4242056,-3.6709562399999993,0.0,2021-05-26 16:23:35.749279,0.0,0.0
40.424089099999996,-3.6709666199999993,0.0,2021-05-26 16:23:37.589167,0.0,0.0
40.4239726,-3.670976999999999,0.0,2021-05-26 16:23:39.429055,0.0,0.0
40.4239726,-3.670976999999999,0.0,2021-05-26 16:23:41.268943,0.0,0.0
