Latitud,Longitud,Tunel,Tiempo,GHI,POA
40.4088697,-3.6923659,0.0,2021-05-26 16:12:48.108703,828.7392241616408,944.1479007399228
40.40878925,-3.6923038833333344,0.0,2021-05-26 16:12:49.804253,0.0,0.0
40.4087088,-3.6922418666666683,0.0,2021-05-26 16:12:51.499803,0.0,0.0
40.40862835,-3.6921798500000027,0.0,2021-05-26 16:12:53.195353,0.0,0.0
40.408547899999995,-3.6921178333333318,0.0,2021-05-26 16:12:54.890903,0.0,0.0
40.408467449999996,-3.6920558166666657,0.0,2021-05-26 16:12:56.586453,828.7389906809134,944.146869815517
40.408387,-3.6919938,0.0,2021-05-26 16:12:58.282003,828.7389439734394,944.1466636192112
40.408387,-3.6919938,0.0,2021-05-26 16:12:59.977553,828.7389439734394,944.1466636192112
40.40833509444444,-3.6918974722222164,0.0,2021-05-26 16:13:01.673103,826.9563151548608,942.9513596116901
40.40828318888889,-3.691801144444446,0.0,2021-05-26 16:13:03.368653,0.0,0.0
40.40823128333333,-3.6917048166666624,0.0,2021-05-26 16:13:05.064203,0.0,0.0
40.40817937777778,-3.691608488888892,0.0,2021-05-26 16:13:06.759753,0.0,0.0
40.40812747222222,-3.6915121611111084,0.0,2021-05-26 16:13:08.455303,826.9545678887154,942.9497271020495
40.40807556666667,-3.691415833333338,0.0,2021-05-26 16:13:10.150853,826.9541310626314,942.9493189641071
40.40802366111111,-3.6913195055555543,0.0,2021-05-26 16:13:11.846403,826.9536942327283,942.9489108219518
40.40797175555556,-3.6912231777777835,0.0,2021-05-26 16:13:13.541953,826.953257399006,942.9485026755837
40.40791985,-3.69112685,0.0,2021-05-26 16:13:15.237503,826.9528205614648,942.9480945250026
40.40786794444444,-3.6910305222222166,0.0,2021-05-26 16:13:16.933053,826.9523837201041,942.9476863702084
40.40781603888889,-3.690934194444446,0.0,2021-05-26 16:13:18.628603,826.9519468749247,930.7806433851841
40.40776413333333,-3.690837866666662,0.0,2021-05-26 16:13:20.324153,826.9515100259262,930.7806932117043
40.40771222777778,-3.690741538888892,0.0,2021-05-26 16:13:22.019703,826.9510731731084,930.7807430339155
40.40766032222222,-3.690645211111108,0.0,2021-05-26 16:13:23.715253,826.9506363164716,930.7807928518176
40.40760841666667,-3.6905488833333377,0.0,2021-05-26 16:13:25.410803,826.9501994560155,930.7808426654107
40.40755651111111,-3.690452555555554,0.0,2021-05-26 16:13:27.106353,826.9497625917404,942.9452373529739
40.40750460555556,-3.6903562277777837,0.0,2021-05-26 16:13:28.801903,826.9493257236462,942.9448291686895
40.4074527,-3.6902599,0.0,2021-05-26 16:13:30.497453,826.9488888517329,942.9444209801924
40.40740079444444,-3.6901635722222164,0.0,2021-05-26 16:13:32.193003,826.9484519760005,942.9440127874824
40.40734888888889,-3.690067244444446,0.0,2021-05-26 16:13:33.888553,826.9480150964494,942.9436045905595
40.40729698333333,-3.6899709166666623,0.0,2021-05-26 16:13:35.584103,0.0,0.0
40.40724507777778,-3.689874588888892,0.0,2021-05-26 16:13:37.279653,0.0,0.0
40.40719317222222,-3.6897782611111083,0.0,2021-05-26 16:13:38.975203,0.0,0.0
40.40714126666667,-3.689681933333338,0.0,2021-05-26 16:13:40.670753,826.9462675400523,942.9419717607389
40.40708936111111,-3.6895856055555543,0.0,2021-05-26 16:13:42.366303,826.945830641405,942.9415635427513
40.40703745555556,-3.6894892777777835,0.0,2021-05-26 16:13:44.061853,826.9453937389393,942.9411553205513
40.40698555,-3.6893929500000002,0.0,2021-05-26 16:13:45.757403,826.9449568326539,942.9407470941378
40.40693364444444,-3.6892966222222165,0.0,2021-05-26 16:13:47.452953,826.9445199225497,942.9403388635118
40.40688173888889,-3.6892002944444457,0.0,2021-05-26 16:13:49.148503,826.9440830086262,942.939930628673
40.40682983333333,-3.689103966666662,0.0,2021-05-26 16:13:50.844053,826.9436460908832,942.9395223896206
40.40677792777778,-3.6890076388888917,0.0,2021-05-26 16:13:52.539603,0.0,0.0
40.40672602222222,-3.688911311111108,0.0,2021-05-26 16:13:54.235153,0.0,0.0
40.40667411666667,-3.6888149833333377,0.0,2021-05-26 16:13:55.930703,0.0,0.0
40.40662221111111,-3.688718655555554,0.0,2021-05-26 16:13:57.626253,0.0,0.0
40.40657030555556,-3.6886223277777836,0.0,2021-05-26 16:13:59.321803,0.0,0.0
40.4065184,-3.688526,0.0,2021-05-26 16:14:01.017353,0.0,0.0
40.4065184,-3.688526,0.0,2021-05-26 16:14:02.712903,0.0,0.0
40.40651538888889,-3.688405581481471,0.0,2021-05-26 16:14:04.408453,0.0,0.0
40.40651237777778,-3.688285162962942,0.0,2021-05-26 16:14:06.104003,0.0,0.0
40.40650936666667,-3.688164744444413,0.0,2021-05-26 16:14:07.799553,0.0,0.0
40.40650635555556,-3.6880443259258837,0.0,2021-05-26 16:14:09.495103,825.1420094079282,941.7211750344202
40.406503344444445,-3.6879239074073547,0.0,2021-05-26 16:14:11.190653,825.1411554346874,941.7205890722197
40.406500333333334,-3.6878034888888256,0.0,2021-05-26 16:14:12.886203,0.0,0.0
40.40649732222222,-3.6876830703702965,0.0,2021-05-26 16:14:14.581753,0.0,0.0
40.40649431111111,-3.6875626518517675,0.0,2021-05-26 16:14:16.277303,825.1385934961855,941.7188311597611
40.4064913,-3.6874422333332384,0.0,2021-05-26 16:14:17.972853,825.1377395104244,941.7182451803221
40.40648828888889,-3.6873218148147093,0.0,2021-05-26 16:14:19.668403,825.1368855215329,941.7176591965734
40.406485277777776,-3.6872013962961803,0.0,2021-05-26 16:14:21.363953,825.1360315295118,941.7170732085154
40.406482266666664,-3.6870809777776516,0.0,2021-05-26 16:14:23.059503,825.13517753436,941.7164872161475
40.40647925555555,-3.6869605592591226,0.0,2021-05-26 16:14:24.755053,825.1343235360782,941.7159012194695
40.40647624444445,-3.6868401407408773,0.0,2021-05-26 16:14:26.450603,825.1334695346683,941.715315218484
40.40647323333334,-3.6867197222223482,0.0,2021-05-26 16:14:28.146153,825.1326155301261,941.7147292131867
40.406470222222225,-3.6865993037038196,0.0,2021-05-26 16:14:29.841703,825.1317615224538,941.7141432035802
40.406467211111114,-3.6864788851852905,0.0,2021-05-26 16:14:31.537253,0.0,0.0
40.4064642,-3.6863584666667615,0.0,2021-05-26 16:14:33.232803,825.1300534977189,941.7129711714381
40.40646118888889,-3.6862380481482324,0.0,2021-05-26 16:14:34.928353,825.129199480656,941.7123851489023
40.40645817777778,-3.6861176296297034,0.0,2021-05-26 16:14:36.623903,0.0,0.0
40.40645516666667,-3.6859972111111743,0.0,2021-05-26 16:14:38.319453,0.0,0.0
40.406452155555556,-3.6858767925926452,0.0,2021-05-26 16:14:40.015003,825.1266374106872,941.7106270554374
40.406449144444444,-3.685756374074116,0.0,2021-05-26 16:14:41.710553,825.1257833811038,941.710041015663
40.40644613333333,-3.685635955555587,0.0,2021-05-26 16:14:43.406103,825.1249293483904,941.709454971579
40.40644312222222,-3.685515537037058,0.0,2021-05-26 16:14:45.101653,825.1240753125468,941.7088689231854
40.40644011111111,-3.685395118518529,0.0,2021-05-26 16:14:46.797203,825.1232212735733,941.7082828704822
40.4064371,-3.6852747,0.0,2021-05-26 16:14:48.492753,825.1223672314695,941.7076968134694
40.4064371,-3.6852747,0.0,2021-05-26 16:14:50.188303,825.1223672314695,941.7076968134694
40.406457315384614,-3.6851538307692273,0.0,2021-05-26 16:14:51.883853,825.1213974617496,930.2600887028025
40.40647753076923,-3.6850329615384547,0.0,2021-05-26 16:14:53.579403,825.1204276893666,941.7064709682511
40.406497746153846,-3.6849120923076826,0.0,2021-05-26 16:14:55.274953,825.1194579143204,941.7058580394773
40.40651796153846,-3.68479122307691,0.0,2021-05-26 16:14:56.970503,825.1184881366111,941.7052451065933
40.40653817692308,-3.6846703538461374,0.0,2021-05-26 16:14:58.666053,825.1175183562387,941.7046321695998
40.406558392307694,-3.684549484615365,0.0,2021-05-26 16:15:00.361603,823.3076041237686,940.4718159517859
40.4065786076923,-3.684428615384635,0.0,2021-05-26 16:15:02.057153,823.3066285434163,929.7251927523821
40.40659882307692,-3.6843077461538623,0.0,2021-05-26 16:15:03.752703,823.3056529604133,940.4705729599604
40.406619038461535,-3.68418687692309,0.0,2021-05-26 16:15:05.448253,823.3046773747599,940.4699514578928
40.40663925384615,-3.6840660076923175,0.0,2021-05-26 16:15:07.143803,823.3037017864558,940.4693299517218
40.40665946923077,-3.683945138461545,0.0,2021-05-26 16:15:08.839353,823.3027261955019,940.4687084414479
40.40667968461538,-3.6838242692307723,0.0,2021-05-26 16:15:10.534903,823.301750601897,940.4680869270703
40.4066999,-3.6837033999999997,0.0,2021-05-26 16:15:12.230453,823.300775005642,940.46746540859
40.406720115384616,-3.6835825307692276,0.0,2021-05-26 16:15:13.926003,823.2997994067367,940.4668438860062
40.40674033076923,-3.683461661538455,0.0,2021-05-26 16:15:15.621553,823.2988238051806,940.4662223593194
40.40676054615385,-3.6833407923076824,0.0,2021-05-26 16:15:17.317103,823.2978482009747,940.4656008285297
40.406780761538464,-3.68321992307691,0.0,2021-05-26 16:15:19.012653,823.2968725941182,940.4649792936364
40.40680097692308,-3.6830990538461372,0.0,2021-05-26 16:15:20.708203,823.2958969846111,940.46435775464
40.406821192307696,-3.682978184615365,0.0,2021-05-26 16:15:22.403753,0.0,0.0
40.406841407692305,-3.6828573153846347,0.0,2021-05-26 16:15:24.099303,823.2939457576465,940.4631146643377
40.40686162307692,-3.6827364461538625,0.0,2021-05-26 16:15:25.794853,823.2929701401888,940.4624931130322
40.40688183846154,-3.68261557692309,0.0,2021-05-26 16:15:27.490403,823.2919945200803,940.4618715576228
40.40690205384615,-3.6824947076923173,0.0,2021-05-26 16:15:29.185953,823.2910188973218,940.4612499981107
40.40692226923077,-3.6823738384615448,0.0,2021-05-26 16:15:30.881503,0.0,0.0
40.406942484615385,-3.682252969230772,0.0,2021-05-26 16:15:32.577053,0.0,0.0
40.4069627,-3.6821321,0.0,2021-05-26 16:15:34.272603,0.0,0.0
40.40698291538462,-3.6820112307692274,0.0,2021-05-26 16:15:35.968153,0.0,0.0
40.40700313076923,-3.681890361538455,0.0,2021-05-26 16:15:37.663703,823.2861407437744,940.4581421390026
40.40702334615385,-3.6817694923076822,0.0,2021-05-26 16:15:39.359253,823.2851651051141,929.7173450559535
40.407043561538465,-3.6816486230769097,0.0,2021-05-26 16:15:41.054803,0.0,0.0
40.40706377692308,-3.6815277538461375,0.0,2021-05-26 16:15:42.750353,0.0,0.0
40.4070839923077,-3.681406884615365,0.0,2021-05-26 16:15:44.445903,823.2822381732313,940.4556557778596
40.407104207692306,-3.681286015384635,0.0,2021-05-26 16:15:46.141453,823.2812625239703,940.4550341773165
40.40712442307692,-3.6811651461538624,0.0,2021-05-26 16:15:47.837003,0.0,0.0
40.40714463846154,-3.6810442769230898,0.0,2021-05-26 16:15:49.532553,823.2793112174968,940.4537909639201
40.407164853846155,-3.680923407692317,0.0,2021-05-26 16:15:51.228103,823.278335560285,940.4531693510673
40.40718506923077,-3.680802538461545,0.0,2021-05-26 16:15:52.923653,823.2773599004223,940.4525477341112
40.40720528461539,-3.6806816692307724,0.0,2021-05-26 16:15:54.619203,823.27638423791,940.4519261130524
40.4072255,-3.6805608,0.0,2021-05-26 16:15:56.314753,823.2754085727472,940.4513044878902
40.4072255,-3.6805608,0.0,2021-05-26 16:15:58.010303,823.2754085727472,940.4513044878902
40.407250025,-3.6804193374999947,0.0,2021-05-26 16:15:59.705853,0.0,0.0
40.407274550000004,-3.6802778749999896,0.0,2021-05-26 16:16:01.401403,821.4508679011201,939.1990009430225
40.407299075000005,-3.6801364124999845,0.0,2021-05-26 16:16:03.096953,821.4497150960034,929.161905274819
40.4073236,-3.6799949500000206,0.0,2021-05-26 16:16:04.792503,821.4485622872888,939.1975240675433
40.407348125,-3.6798534875000155,0.0,2021-05-26 16:16:06.488053,821.4474094749764,929.1610433263312
40.40737265,-3.6797120250000104,0.0,2021-05-26 16:16:08.183603,821.4462566590659,939.1960471696314
40.407397175,-3.6795705625000052,0.0,2021-05-26 16:16:09.879153,821.4451038395572,939.195308712263
40.4074217,-3.6794291,0.0,2021-05-26 16:16:11.574703,0.0,0.0
40.4074217,-3.6794291,0.0,2021-05-26 16:16:13.270253,0.0,0.0
40.40741351454545,-3.67930805272725,0.0,2021-05-26 16:16:14.965803,0.0,0.0
40.407405329090906,-3.6791870054544997,0.0,2021-05-26 16:16:16.661353,0.0,0.0
40.407397143636366,-3.679065958181855,0.0,2021-05-26 16:16:18.356903,0.0,0.0
40.40738895818182,-3.6789449109091046,0.0,2021-05-26 16:16:20.052453,821.4405638107614,939.1921627242133
40.40738077272727,-3.6788238636363544,0.0,2021-05-26 16:16:21.748003,821.4397170010883,939.1915608318272
40.407372587272725,-3.678702816363604,0.0,2021-05-26 16:16:23.443553,821.4388701881147,939.1909589349942
40.407364401818185,-3.678581769090959,0.0,2021-05-26 16:16:25.139103,821.4380233718417,939.1903570337145
40.40735621636364,-3.6784607218182086,0.0,2021-05-26 16:16:26.834653,821.4371765522678,939.1897551279874
40.40734803090909,-3.6783396745454584,0.0,2021-05-26 16:16:28.530203,821.4363297293936,939.1891532178131
40.407339845454544,-3.678218627272708,0.0,2021-05-26 16:16:30.225753,821.4354829032189,939.1885513031916
40.40733166,-3.678097579999958,0.0,2021-05-26 16:16:31.921303,821.4346360737443,939.1879493841233
40.40732347454546,-3.677976532727313,0.0,2021-05-26 16:16:33.616853,821.4337892409699,939.1873474606081
40.40731528909091,-3.677855485454563,0.0,2021-05-26 16:16:35.312403,821.4329424048947,939.1867455326458
40.40730710363636,-3.6777344381818127,0.0,2021-05-26 16:16:37.007953,821.4320955655195,939.1861436002364
40.407298918181816,-3.6776133909090625,0.0,2021-05-26 16:16:38.703503,0.0,0.0
40.40729073272727,-3.6774923436363123,0.0,2021-05-26 16:16:40.399053,0.0,0.0
40.40728254727273,-3.677371296363667,0.0,2021-05-26 16:16:42.094603,0.0,0.0
40.40727436181818,-3.6772502490909167,0.0,2021-05-26 16:16:43.790153,821.4287081750158,939.183735826128
40.407266176363635,-3.6771292018181665,0.0,2021-05-26 16:16:45.485703,821.4278613191393,939.1831338714833
40.40725799090909,-3.6770081545454163,0.0,2021-05-26 16:16:47.181253,821.4270144599624,939.1825319123914
40.40724980545455,-3.6768871072727713,0.0,2021-05-26 16:16:48.876803,0.0,0.0
40.40724162,-3.676766060000021,0.0,2021-05-26 16:16:50.572353,0.0,0.0
40.407233434545454,-3.676645012727271,0.0,2021-05-26 16:16:52.267903,0.0,0.0
40.40722524909091,-3.6765239654545208,0.0,2021-05-26 16:16:53.963453,0.0,0.0
40.40721706363636,-3.6764029181817706,0.0,2021-05-26 16:16:55.659003,821.4227801145753,939.1795220502265
40.40720887818182,-3.6762818709091256,0.0,2021-05-26 16:16:57.354553,821.4219332355977,939.1789200644527
40.40720069272727,-3.6761608236363754,0.0,2021-05-26 16:16:59.050103,821.4210863533197,939.1783180742316
40.407192507272725,-3.676039776363625,0.0,2021-05-26 16:17:00.745653,819.5847053321717,937.9082326754929
40.40718432181818,-3.6759187290908746,0.0,2021-05-26 16:17:02.441203,819.5838519013238,937.9076216727469
40.40717613636364,-3.6757976818182296,0.0,2021-05-26 16:17:04.136753,819.5829984671836,937.9070106655576
40.40716795090909,-3.6756766345454794,0.0,2021-05-26 16:17:05.832303,819.5821450297499,937.9063996539235
40.407159765454544,-3.6755555872727292,0.0,2021-05-26 16:17:07.527853,819.5812915890231,937.9057886378449
40.40715158,-3.675434539999979,0.0,2021-05-26 16:17:09.223403,819.5804381450035,928.5835827157957
40.40714339454545,-3.675313492727229,0.0,2021-05-26 16:17:10.918953,819.5795846976911,928.5833407138455
40.40713520909091,-3.675192445454584,0.0,2021-05-26 16:17:12.614503,819.5787312470862,937.9039555629457
40.40712702363636,-3.6750713981818337,0.0,2021-05-26 16:17:14.310053,819.577877793188,937.903344529091
40.407118838181816,-3.6749503509090835,0.0,2021-05-26 16:17:16.005603,819.5770243359967,937.9027334907918
40.40711065272727,-3.6748293036363333,0.0,2021-05-26 16:17:17.701153,819.5761708755125,928.5823726627937
40.40710246727273,-3.674708256363688,0.0,2021-05-26 16:17:19.396703,819.5753174117361,937.9015114008619
40.40709428181818,-3.6745872090909377,0.0,2021-05-26 16:17:21.092253,819.5744639446663,937.9009003492305
40.407086096363635,-3.6744661618181875,0.0,2021-05-26 16:17:22.787803,819.5736104743033,937.9002892931549
40.40707791090909,-3.6743451145454373,0.0,2021-05-26 16:17:24.483353,819.5727570006476,937.8996782326349
40.40706972545454,-3.674224067272687,0.0,2021-05-26 16:17:26.178903,819.5719035236992,937.8990671676713
40.40706154,-3.674103020000042,0.0,2021-05-26 16:17:27.874453,819.5710500434585,937.8984560982636
40.407053354545454,-3.673981972727292,0.0,2021-05-26 16:17:29.570003,819.5701965599239,937.8978450244115
40.40704516909091,-3.673860925454542,0.0,2021-05-26 16:17:31.265553,819.569343073097,937.8972339461152
40.40703698363636,-3.6737398781817916,0.0,2021-05-26 16:17:32.961103,819.5684895829767,937.8966228633747
40.40702879818181,-3.6736188309090414,0.0,2021-05-26 16:17:34.656653,819.5676360895637,937.8960117761902
40.40702061272727,-3.673497783636396,0.0,2021-05-26 16:17:36.352203,819.5667825928587,937.895400684562
40.407012427272726,-3.673376736363646,0.0,2021-05-26 16:17:38.047753,819.5659290928598,937.8947895884891
40.40700424181818,-3.6732556890908956,0.0,2021-05-26 16:17:39.743303,819.5650755895682,937.8941784879721
40.40699605636363,-3.6731346418181454,0.0,2021-05-26 16:17:41.438853,819.564222082984,937.8935673830111
40.40698787090909,-3.6730135945455005,0.0,2021-05-26 16:17:43.134403,819.5633685731073,937.8929562736063
40.406979685454544,-3.6728925472727503,0.0,2021-05-26 16:17:44.829953,819.5625150599373,937.892345159757
40.4069715,-3.6727715,0.0,2021-05-26 16:17:46.525503,819.5616615434743,937.8917340414635
40.4069715,-3.6727715,0.0,2021-05-26 16:17:48.221053,819.5616615434743,937.8917340414635
40.406947583333334,-3.672653455555573,0.0,2021-05-26 16:17:49.916603,819.5609050307986,937.8911542080829
40.406923666666664,-3.6725354111111113,0.0,2021-05-26 16:17:51.612153,819.5601485144273,937.8905743700698
40.406899749999994,-3.672417366666649,0.0,2021-05-26 16:17:53.307703,819.5593919943615,937.8899945274247
40.40687583333333,-3.672299322222222,0.0,2021-05-26 16:17:55.003253,819.5586354706005,937.8894146801478
40.40685191666667,-3.672181277777795,0.0,2021-05-26 16:17:56.698803,819.5578789431449,937.8888348282387
40.406828,-3.672063233333333,0.0,2021-05-26 16:17:58.394353,819.557122411994,937.8882549716975
40.40680408333333,-3.671945188888871,0.0,2021-05-26 16:18:00.089903,0.0,0.0
40.406780166666664,-3.671827144444444,0.0,2021-05-26 16:18:01.785453,817.706819218919,936.5989879906756
40.40675625,-3.671709100000017,0.0,2021-05-26 16:18:03.481003,817.706055871136,936.5983990845402
40.40673233333333,-3.671591055555555,0.0,2021-05-26 16:18:05.176553,0.0,0.0
40.40670841666666,-3.671473011111093,0.0,2021-05-26 16:18:06.872103,0.0,0.0
40.4066845,-3.671354966666666,0.0,2021-05-26 16:18:08.567653,0.0,0.0
40.406660583333334,-3.671236922222239,0.0,2021-05-26 16:18:10.263203,0.0,0.0
40.406636666666664,-3.671118877777777,0.0,2021-05-26 16:18:11.958753,0.0,0.0
40.406612749999994,-3.671000833333315,0.0,2021-05-26 16:18:13.654303,0.0,0.0
40.40658883333333,-3.6708827888888877,0.0,2021-05-26 16:18:15.349853,817.7007123333192,936.5942766119267
40.40656491666667,-3.670764744444461,0.0,2021-05-26 16:18:17.045403,817.6999489560112,936.5936876687434
40.406541,-3.670646699999999,0.0,2021-05-26 16:18:18.740953,817.6991855750131,936.5930987209298
40.406541,-3.670646699999999,0.0,2021-05-26 16:18:20.436503,817.6991855750131,936.5930987209298
40.40643665,-3.670510250000004,0.0,2021-05-26 16:18:22.132053,817.6986660522077,936.5924942949543
40.4063323,-3.6703738,0.0,2021-05-26 16:18:23.827603,817.698146519204,936.5918898582391
40.4063323,-3.6703738,0.0,2021-05-26 16:18:25.523153,817.698146519204,936.5918898582391
40.40642198014184,-3.6703646695035466,0.0,2021-05-26 16:18:27.218703,817.6976544454333,936.5917531915212
40.40651166028369,-3.670355539007092,0.0,2021-05-26 16:18:28.914253,817.6971623694939,936.5916165223684
40.40660134042553,-3.6703464085106385,0.0,2021-05-26 16:18:30.609803,817.6966702913858,936.5914798507808
40.40669102056738,-3.6703372780141845,0.0,2021-05-26 16:18:32.305353,817.6961782111086,936.5913431767578
40.40678070070922,-3.670328147517731,0.0,2021-05-26 16:18:34.000903,817.6956861286633,936.5912065003005
40.40687038085107,-3.6703190170212765,0.0,2021-05-26 16:18:35.696453,817.6951940440489,936.5910698214078
40.40696006099291,-3.670309886524823,0.0,2021-05-26 16:18:37.392003,817.6947019572657,936.5909331400802
40.407049741134756,-3.670300756028369,0.0,2021-05-26 16:18:39.087553,817.694209868314,927.9858061010866
40.4071394212766,-3.6702916255319153,0.0,2021-05-26 16:18:40.783103,817.6937177771937,927.9853718327898
40.407229101418444,-3.670282495035461,0.0,2021-05-26 16:18:42.478653,817.6932256839046,927.9849375623446
40.407318781560285,-3.6702733645390073,0.0,2021-05-26 16:18:44.174203,817.6927335884471,927.984503289751
40.40740846170213,-3.670264234042553,0.0,2021-05-26 16:18:45.869753,817.6922414908202,927.9840690150083
40.40749814184397,-3.6702551035460993,0.0,2021-05-26 16:18:47.565303,817.6917493910253,927.9836347381174
40.40758782198582,-3.6702459730496453,0.0,2021-05-26 16:18:49.260853,817.6912572890615,927.983200459078
40.40767750212766,-3.6702368425531917,0.0,2021-05-26 16:18:50.956403,817.6907651849291,927.9827661778897
40.4077671822695,-3.670227712056738,0.0,2021-05-26 16:18:52.651953,0.0,0.0
40.40785686241135,-3.6702185815602837,0.0,2021-05-26 16:18:54.347503,0.0,0.0
40.40794654255319,-3.67020945106383,0.0,2021-05-26 16:18:56.043053,0.0,0.0
40.40803622269504,-3.670200320567376,0.0,2021-05-26 16:18:57.738603,0.0,0.0
40.40812590283688,-3.6701911900709225,0.0,2021-05-26 16:18:59.434153,817.6883046317365,927.9805947397205
40.40821558297873,-3.670182059574468,0.0,2021-05-26 16:19:01.129703,0.0,0.0
40.40830526312057,-3.6701729290780145,0.0,2021-05-26 16:19:02.825253,815.8255025089467,927.3758226267298
40.408394943262415,-3.67016379858156,0.0,2021-05-26 16:19:04.520803,0.0,0.0
40.408484623404256,-3.6701546680851065,0.0,2021-05-26 16:19:06.216353,815.8245223303343,935.2821183858191
40.408574303546104,-3.6701455375886525,0.0,2021-05-26 16:19:07.911903,815.8240322377842,935.2819824823123
40.408663983687944,-3.670136407092199,0.0,2021-05-26 16:19:09.607453,815.8235421430713,927.3740916989179
40.40875366382979,-3.6701272765957444,0.0,2021-05-26 16:19:11.303003,0.0,0.0
40.40884334397163,-3.670118146099291,0.0,2021-05-26 16:19:12.998553,0.0,0.0
40.40893302411348,-3.670109015602837,0.0,2021-05-26 16:19:14.694103,0.0,0.0
40.40902270425532,-3.6700998851063833,0.0,2021-05-26 16:19:16.389653,0.0,0.0
40.40911238439717,-3.670090754609929,0.0,2021-05-26 16:19:18.085203,815.8210916370664,927.3719279909132
40.40920206453901,-3.6700816241134753,0.0,2021-05-26 16:19:19.780753,0.0,0.0
40.40929174468085,-3.6700724936170217,0.0,2021-05-26 16:19:21.476303,0.0,0.0
40.4093814248227,-3.6700633631205672,0.0,2021-05-26 16:19:23.171853,815.8196213075114,927.3706297403826
40.40947110496454,-3.6700542326241137,0.0,2021-05-26 16:19:24.867403,0.0,0.0
40.409560785106386,-3.6700451021276597,0.0,2021-05-26 16:19:26.562953,0.0,0.0
40.40965046524823,-3.670035971631206,0.0,2021-05-26 16:19:28.258503,0.0,0.0
40.409740145390074,-3.6700268411347516,0.0,2021-05-26 16:19:29.954053,815.8176608378272,927.3688987096592
40.409829825531915,-3.670017710638298,0.0,2021-05-26 16:19:31.649603,815.8171707149997,935.2800795781801
40.40991950567376,-3.6700085801418436,0.0,2021-05-26 16:19:33.345153,815.8166805900092,935.2799436382395
40.4100091858156,-3.66999944964539,0.0,2021-05-26 16:19:35.040703,815.8161904628561,927.3676004141049
40.41009886595745,-3.669990319148936,0.0,2021-05-26 16:19:36.736253,0.0,0.0
40.41018854609929,-3.6699811886524825,0.0,2021-05-26 16:19:38.431803,0.0,0.0
40.41027822624114,-3.669972058156028,0.0,2021-05-26 16:19:40.127353,0.0,0.0
40.41036790638298,-3.6699629276595744,0.0,2021-05-26 16:19:41.822903,0.0,0.0
40.41045758652483,-3.6699537971631204,0.0,2021-05-26 16:19:43.518453,815.8137397946512,935.2791279475884
40.41054726666667,-3.669944666666667,0.0,2021-05-26 16:19:45.214003,815.8132496545225,935.2789919906456
40.41063694680851,-3.6699355361702133,0.0,2021-05-26 16:19:46.909553,815.812759512231,927.3645709827733
40.41072662695036,-3.669926405673759,0.0,2021-05-26 16:19:48.605103,0.0,0.0
40.4108163070922,-3.6699172751773053,0.0,2021-05-26 16:19:50.300653,0.0,0.0
40.410905987234045,-3.669908144680851,0.0,2021-05-26 16:19:51.996203,0.0,0.0
40.410995667375886,-3.6698990141843972,0.0,2021-05-26 16:19:53.691753,0.0,0.0
40.411085347517734,-3.669889883687943,0.0,2021-05-26 16:19:55.387303,0.0,0.0
40.411175027659574,-3.6698807531914897,0.0,2021-05-26 16:19:57.082853,815.8098186130652,935.2780402240339
40.41126470780142,-3.669871622695035,0.0,2021-05-26 16:19:58.778403,815.8093284556352,935.2779042476595
40.41135438794326,-3.6698624921985816,0.0,2021-05-26 16:20:00.473953,813.9341429396773,933.9530316847712
40.41144406808511,-3.6698533617021276,0.0,2021-05-26 16:20:02.169503,813.933654830175,933.9528965383239
40.41153374822695,-3.669844231205674,0.0,2021-05-26 16:20:03.865053,813.9331667185161,933.9527613894539
40.4116234283688,-3.6698351007092196,0.0,2021-05-26 16:20:05.560603,813.9326786047006,926.7384047283134
40.41171310851064,-3.669825970212766,0.0,2021-05-26 16:20:07.256153,0.0,0.0
40.41180278865249,-3.6698168397163116,0.0,2021-05-26 16:20:08.951703,0.0,0.0
40.41189246879433,-3.669807709219858,0.0,2021-05-26 16:20:10.647253,0.0,0.0
40.41198214893617,-3.6697985787234044,0.0,2021-05-26 16:20:12.342803,0.0,0.0
40.412071829078016,-3.6697894482269504,0.0,2021-05-26 16:20:14.038353,0.0,0.0
40.41216150921986,-3.669780317730497,0.0,2021-05-26 16:20:15.733903,0.0,0.0
40.412251189361704,-3.6697711872340424,0.0,2021-05-26 16:20:17.429453,813.9292617476069,933.9516801112719
40.412340869503545,-3.669762056737589,0.0,2021-05-26 16:20:19.125003,813.9287736165383,933.9515449405959
40.41243054964539,-3.669752926241135,0.0,2021-05-26 16:20:20.820553,813.9282854833132,926.734523666774
40.41252022978723,-3.6697437957446812,0.0,2021-05-26 16:20:22.516103,0.0,0.0
40.41260990992908,-3.669734665248227,0.0,2021-05-26 16:20:24.211653,0.0,0.0
40.41269959007092,-3.669725534751773,0.0,2021-05-26 16:20:25.907203,0.0,0.0
40.41278927021277,-3.6697164042553188,0.0,2021-05-26 16:20:27.602753,0.0,0.0
40.41287895035461,-3.669707273758865,0.0,2021-05-26 16:20:29.298303,813.9258447848387,926.7323674465979
40.41296863049646,-3.669698143262411,0.0,2021-05-26 16:20:30.993853,813.9253566386739,933.9505986780271
40.4130583106383,-3.6696890127659576,0.0,2021-05-26 16:20:32.689403,0.0,0.0
40.413147990780146,-3.669679882269503,0.0,2021-05-26 16:20:34.384953,0.0,0.0
40.41323767092199,-3.6696707517730496,0.0,2021-05-26 16:20:36.080503,813.9238921872401,933.9501931005833
40.413327351063835,-3.6696616212765956,0.0,2021-05-26 16:20:37.776053,813.9234040324486,933.950057903256
40.413417031205675,-3.669652490780142,0.0,2021-05-26 16:20:39.471603,813.9229158755013,933.9499227035066
40.413506711347516,-3.6696433602836884,0.0,2021-05-26 16:20:41.167153,0.0,0.0
40.413596391489364,-3.669634229787234,0.0,2021-05-26 16:20:42.862703,813.9219395551361,933.9496522967383
40.413686071631204,-3.6696250992907804,0.0,2021-05-26 16:20:44.558253,813.9214513917183,933.9495170897198
40.41377575177305,-3.669615968794326,0.0,2021-05-26 16:20:46.253803,813.9209632261443,933.9493818802787
40.41386543191489,-3.6696068382978724,0.0,2021-05-26 16:20:47.949353,813.9204750584137,933.9492466684146
40.41395511205674,-3.6695977078014184,0.0,2021-05-26 16:20:49.644903,813.9199868885266,933.9491114541279
40.41404479219858,-3.669588577304965,0.0,2021-05-26 16:20:51.340453,813.9194987164825,933.9489762374179
40.41413447234043,-3.6695794468085103,0.0,2021-05-26 16:20:53.036003,813.9190105422823,933.9488410182856
40.41422415248227,-3.6695703163120568,0.0,2021-05-26 16:20:54.731553,813.9185223659252,926.7258984651716
40.41431383262412,-3.6695611858156028,0.0,2021-05-26 16:20:56.427103,813.9180341874116,933.9485705727517
40.41440351276596,-3.669552055319149,0.0,2021-05-26 16:20:58.122653,813.9175460067415,933.9484353463506
40.414493192907806,-3.6695429248226947,0.0,2021-05-26 16:20:59.818203,813.9170578239148,933.9483001175265
40.414582873049646,-3.669533794326241,0.0,2021-05-26 16:21:01.513753,812.0290405364063,932.6052046444548
40.414672553191494,-3.6695246638297867,0.0,2021-05-26 16:21:03.209303,812.0285544204881,926.0848213770844
40.414762233333335,-3.669515533333333,0.0,2021-05-26 16:21:04.904853,0.0,0.0
40.414851913475175,-3.6695064028368796,0.0,2021-05-26 16:21:06.600403,812.0275821821991,932.6048014800458
40.41494159361702,-3.6694972723404256,0.0,2021-05-26 16:21:08.295953,0.0,0.0
40.41503127375886,-3.669488141843972,0.0,2021-05-26 16:21:09.991503,0.0,0.0
40.41512095390071,-3.6694790113475175,0.0,2021-05-26 16:21:11.687053,0.0,0.0
40.41521063404255,-3.669469880851064,0.0,2021-05-26 16:21:13.382603,812.0256376798162,926.0822432184082
40.4153003141844,-3.66946075035461,0.0,2021-05-26 16:21:15.078153,812.025151548844,926.0818135178241
40.41538999432624,-3.6694516198581564,0.0,2021-05-26 16:21:16.773703,0.0,0.0
40.41547967446809,-3.669442489361702,0.0,2021-05-26 16:21:18.469253,0.0,0.0
40.41556935460993,-3.6694333588652484,0.0,2021-05-26 16:21:20.164803,812.0236931430245,932.6037262686198
40.415659034751776,-3.669424228368794,0.0,2021-05-26 16:21:21.860353,0.0,0.0
40.41574871489362,-3.6694150978723403,0.0,2021-05-26 16:21:23.555903,0.0,0.0
40.415838395035465,-3.6694059673758863,0.0,2021-05-26 16:21:25.251453,0.0,0.0
40.415928075177305,-3.6693968368794327,0.0,2021-05-26 16:21:26.947003,0.0,0.0
40.41601775531915,-3.6693877063829783,0.0,2021-05-26 16:21:28.642553,0.0,0.0
40.416107435460994,-3.6693785758865247,0.0,2021-05-26 16:21:30.338103,0.0,0.0
40.416197115602834,-3.669369445390071,0.0,2021-05-26 16:21:32.033653,0.0,0.0
40.41628679574468,-3.6693603148936167,0.0,2021-05-26 16:21:33.729203,0.0,0.0
40.41637647588652,-3.669351184397163,0.0,2021-05-26 16:21:35.424753,0.0,0.0
40.41646615602837,-3.669342053900709,0.0,2021-05-26 16:21:37.120303,0.0,0.0
40.41655583617021,-3.6693329234042555,0.0,2021-05-26 16:21:38.815853,812.0183454894294,926.0757974855109
40.41664551631206,-3.669323792907801,0.0,2021-05-26 16:21:40.511403,812.0178593261994,926.0753677529071
40.4167351964539,-3.6693146624113475,0.0,2021-05-26 16:21:42.206953,812.0173731608191,926.0749380181687
40.41682487659575,-3.6693055319148935,0.0,2021-05-26 16:21:43.902503,812.0168869932885,932.6018442764458
40.41691455673759,-3.66929640141844,0.0,2021-05-26 16:21:45.598053,812.016400823607,932.6017098303078
40.417004236879436,-3.6692872709219855,0.0,2021-05-26 16:21:47.293603,812.0159146517752,932.6015753817532
40.417093917021276,-3.669278140425532,0.0,2021-05-26 16:21:48.989153,812.015428477793,932.6014409307819
40.417183597163124,-3.6692690099290775,0.0,2021-05-26 16:21:50.684703,812.0149423016602,926.0727893124587
40.417273277304965,-3.669259879432624,0.0,2021-05-26 16:21:52.380253,812.0144561233766,932.6011720215886
40.41736295744681,-3.66925074893617,0.0,2021-05-26 16:21:54.075803,812.0139699429429,926.0719298152319
40.41745263758865,-3.6692416184397163,0.0,2021-05-26 16:21:55.771353,812.0134837603586,932.6009031027286
40.4175423177305,-3.669232487943262,0.0,2021-05-26 16:21:57.466903,812.0129975756237,932.6007686396733
40.41763199787234,-3.6692233574468083,0.0,2021-05-26 16:21:59.162453,812.0125113887383,932.6006341742014
40.41772167801418,-3.6692142269503547,0.0,2021-05-26 16:22:00.858003,0.0,0.0
40.41781135815603,-3.6692050964539007,0.0,2021-05-26 16:22:02.553553,0.0,0.0
40.41790103829787,-3.669195965957447,0.0,2021-05-26 16:22:04.249103,810.1107320013085,925.4129104824307
40.41799071843972,-3.6691868354609927,0.0,2021-05-26 16:22:05.944653,0.0,0.0
40.41808039858156,-3.669177704964539,0.0,2021-05-26 16:22:07.640203,0.0,0.0
40.418170078723406,-3.6691685744680846,0.0,2021-05-26 16:22:09.335753,0.0,0.0
40.41825975886525,-3.669159443971631,0.0,2021-05-26 16:22:11.031303,0.0,0.0
40.418349439007095,-3.669150313475177,0.0,2021-05-26 16:22:12.726853,0.0,0.0
40.418439119148935,-3.6691411829787235,0.0,2021-05-26 16:22:14.422403,810.1078273371529,931.2382652180061
40.41852879929078,-3.669132052482269,0.0,2021-05-26 16:22:16.117953,810.1073432189548,931.2381315895304
40.418618479432624,-3.6691229219858155,0.0,2021-05-26 16:22:17.813503,0.0,0.0
40.41870815957447,-3.6691137914893615,0.0,2021-05-26 16:22:19.509053,810.1063749761255,925.4090571344663
40.41879783971631,-3.669104660992908,0.0,2021-05-26 16:22:21.204603,810.1058908514943,925.4086289740428
40.41888751985816,-3.6690955304964534,0.0,2021-05-26 16:22:22.900153,810.1054067247186,931.2375970515233
40.4189772,-3.6690864,0.0,2021-05-26 16:22:24.595703,810.1049225957988,931.2374634109952
40.4189772,-3.6690864,0.0,2021-05-26 16:22:26.291253,810.1049225957988,931.2374634109952
40.41906972586207,-3.669078362068965,0.0,2021-05-26 16:22:27.986803,810.1044336504933,931.2373331058981
40.41916225172414,-3.6690703241379308,0.0,2021-05-26 16:22:29.682353,810.1039447028805,931.2372027982242
40.419254777586204,-3.6690622862068967,0.0,2021-05-26 16:22:31.377903,810.1034557529614,931.2370724879746
40.419347303448276,-3.669054248275862,0.0,2021-05-26 16:22:33.073453,810.1029668007352,931.2369421751483
40.41943982931035,-3.669046210344827,0.0,2021-05-26 16:22:34.769003,810.1024778462017,931.2368118597453
40.419532355172414,-3.669038172413793,0.0,2021-05-26 16:22:36.464553,810.1019888893617,931.2366815417663
40.41962488103448,-3.669030134482759,0.0,2021-05-26 16:22:38.160103,810.1014999302143,931.2365512212106
40.41971740689655,-3.669022096551724,0.0,2021-05-26 16:22:39.855653,810.1010109687604,931.2364208980788
40.419809932758625,-3.6690140586206894,0.0,2021-05-26 16:22:41.551203,810.1005220049992,925.403829924431
40.41990245862069,-3.669006020689655,0.0,2021-05-26 16:22:43.246753,810.1000330389311,931.2361602440852
40.419994984482756,-3.6689979827586208,0.0,2021-05-26 16:22:44.942303,810.0995440705566,925.4029537387534
40.42008751034483,-3.6689899448275862,0.0,2021-05-26 16:22:46.637853,810.0990550998747,931.2358995797869
40.4201800362069,-3.6689819068965512,0.0,2021-05-26 16:22:48.333403,810.0985661268858,931.2357692437727
40.420272562068966,-3.668973868965517,0.0,2021-05-26 16:22:50.028953,810.0980771515902,931.2356389051824
40.42036508793103,-3.668965831034483,0.0,2021-05-26 16:22:51.724503,810.0975881739873,931.2355085640154
40.420457613793104,-3.668957793103448,0.0,2021-05-26 16:22:53.420053,810.0970991940779,931.2353782202722
40.42055013965518,-3.6689497551724135,0.0,2021-05-26 16:22:55.115603,810.0966102118614,931.2352478739526
40.42064266551724,-3.668941717241379,0.0,2021-05-26 16:22:56.811153,810.0961212273379,931.2351175250566
40.42073519137931,-3.668933679310345,0.0,2021-05-26 16:22:58.506703,810.0956322405074,931.2349871735837
40.42082771724138,-3.6689256413793103,0.0,2021-05-26 16:23:00.202253,0.0,0.0
40.42092024310345,-3.6689176034482753,0.0,2021-05-26 16:23:01.897803,0.0,0.0
40.42101276896552,-3.6689095655172412,0.0,2021-05-26 16:23:03.593353,0.0,0.0
40.42110529482758,-3.668901527586207,0.0,2021-05-26 16:23:05.288903,808.1806029509892,929.8551191412437
40.421197820689656,-3.668893489655172,0.0,2021-05-26 16:23:06.984453,0.0,0.0
40.42129034655173,-3.6688854517241376,0.0,2021-05-26 16:23:08.680003,0.0,0.0
40.421382872413794,-3.6688774137931035,0.0,2021-05-26 16:23:10.375553,0.0,0.0
40.42147539827586,-3.668869375862069,0.0,2021-05-26 16:23:12.071103,0.0,0.0
40.42156792413793,-3.6688613379310344,0.0,2021-05-26 16:23:13.766653,808.1781691701643,929.8544723074036
40.421660450000005,-3.6688532999999994,0.0,2021-05-26 16:23:15.462203,808.1776824070973,929.854342932926
40.42175297586207,-3.6688452620689653,0.0,2021-05-26 16:23:17.157753,808.17719564173,929.8542135558781
40.421845501724135,-3.6688372241379312,0.0,2021-05-26 16:23:18.853303,808.1767088740614,924.7202386191249
40.42193802758621,-3.6688291862068962,0.0,2021-05-26 16:23:20.548853,808.176222104093,929.8539547940727
40.42203055344828,-3.6688211482758617,0.0,2021-05-26 16:23:22.244403,808.1757353318235,929.8538254093149
40.422123079310346,-3.6688131103448276,0.0,2021-05-26 16:23:23.939953,808.1752485572533,924.718929558279
40.42221560517241,-3.6688050724137935,0.0,2021-05-26 16:23:25.635503,808.1747617803825,929.8535666320896
40.422308131034484,-3.6687970344827585,0.0,2021-05-26 16:23:27.331053,808.1742750012113,929.8534372396219
40.422400656896556,-3.6687889965517235,0.0,2021-05-26 16:23:29.026603,0.0,0.0
40.42249318275862,-3.6687809586206894,0.0,2021-05-26 16:23:30.722153,808.1733014359666,929.8531784469768
40.42258570862069,-3.6687729206896553,0.0,2021-05-26 16:23:32.417703,808.1728146498936,929.8530490467994
40.42267823448276,-3.668764882758621,0.0,2021-05-26 16:23:34.113253,0.0,0.0
40.42277076034483,-3.668756844827586,0.0,2021-05-26 16:23:35.808803,0.0,0.0
40.4228632862069,-3.6687488068965517,0.0,2021-05-26 16:23:37.504353,0.0,0.0
40.42295581206896,-3.6687407689655176,0.0,2021-05-26 16:23:39.199903,0.0,0.0
40.423048337931036,-3.6687327310344826,0.0,2021-05-26 16:23:40.895453,0.0,0.0
40.42314086379311,-3.668724693103448,0.0,2021-05-26 16:23:42.591003,808.1698938851415,929.8522725917651
40.423233389655174,-3.6687166551724135,0.0,2021-05-26 16:23:44.286553,808.1694070829643,929.852143173598
40.42332591551724,-3.6687086172413794,0.0,2021-05-26 16:23:45.982103,808.1689202784861,929.8520137528608
40.42341844137931,-3.668700579310345,0.0,2021-05-26 16:23:47.677653,808.1684334717074,929.8518843295535
40.423510967241384,-3.66869254137931,0.0,2021-05-26 16:23:49.373203,808.1679466626281,929.8517549036765
40.42360349310345,-3.668684503448276,0.0,2021-05-26 16:23:51.068753,0.0,0.0
40.423696018965515,-3.6686764655172417,0.0,2021-05-26 16:23:52.764303,0.0,0.0
40.42378854482759,-3.6686684275862067,0.0,2021-05-26 16:23:54.459853,808.1664862215866,929.8513666106252
40.42388107068966,-3.668660389655172,0.0,2021-05-26 16:23:56.155403,808.1659994033048,929.851237174468
40.423973596551726,-3.6686523517241376,0.0,2021-05-26 16:23:57.850953,808.1655125827226,929.851107735741
40.42406612241379,-3.6686443137931035,0.0,2021-05-26 16:23:59.546503,808.1650257598399,929.8509782944443
40.42415864827586,-3.668636275862069,0.0,2021-05-26 16:24:01.242053,806.2387507099447,928.4533389154012
40.424251174137936,-3.668628237931034,0.0,2021-05-26 16:24:02.937603,806.2382661484696,928.4532104851673
40.4243437,-3.6686202,0.0,2021-05-26 16:24:04.633153,806.2377815847008,924.0169570019906
40.4243437,-3.6686202,0.0,2021-05-26 16:24:06.328703,806.2377815847008,924.0169570019906
40.42435482631579,-3.6687415105263277,0.0,2021-05-26 16:24:08.024253,806.2386688524228,928.453754783076
40.42436595263158,-3.668862821052656,0.0,2021-05-26 16:24:09.719803,806.2395561167933,928.4544275092746
40.42437707894737,-3.6689841315789837,0.0,2021-05-26 16:24:11.415353,806.2404433778122,928.4551002309667
40.424388205263156,-3.6691054421052347,0.0,2021-05-26 16:24:13.110903,806.2413306354789,928.4557729481514
40.42439933157895,-3.6692267526315625,0.0,2021-05-26 16:24:14.806453,806.2422178897939,928.4564456608294
40.42441045789474,-3.6693480631578907,0.0,2021-05-26 16:24:16.502003,0.0,0.0
40.42442158421053,-3.6694693736842185,0.0,2021-05-26 16:24:18.197553,0.0,0.0
40.42443271052632,-3.6695906842105463,0.0,2021-05-26 16:24:19.893103,0.0,0.0
40.42444383684211,-3.6697119947368746,0.0,2021-05-26 16:24:21.588653,0.0,0.0
40.42445496315789,-3.669833305263125,0.0,2021-05-26 16:24:23.284203,806.2466541110945,928.4598091566169
40.42446608947368,-3.6699546157894534,0.0,2021-05-26 16:24:24.979753,806.2475413452997,928.460481842254
40.42447721578947,-3.670075926315781,0.0,2021-05-26 16:24:26.675303,806.2484285761528,928.461154523384
40.42448834210526,-3.670197236842109,0.0,2021-05-26 16:24:28.370853,806.2493158036546,928.4618272000072
40.424499468421054,-3.670318547368437,0.0,2021-05-26 16:24:30.066403,806.2502030278044,928.4624998721235
40.424510594736844,-3.670439857894765,0.0,2021-05-26 16:24:31.761953,806.2510902486025,928.4631725397327
40.42452172105263,-3.670561168421016,0.0,2021-05-26 16:24:33.457503,806.2519774660482,928.4638452028347
40.42453284736842,-3.670682478947344,0.0,2021-05-26 16:24:35.153053,806.2528646801427,928.4645178614303
40.42454397368421,-3.670803789473672,0.0,2021-05-26 16:24:36.848603,806.2537518908858,928.4651905155192
40.4245551,-3.6709251,0.0,2021-05-26 16:24:38.544153,806.254639098277,928.4658631651009
40.4245551,-3.6709251,0.0,2021-05-26 16:24:40.239703,806.254639098277,928.4658631651009
40.4244386,-3.6709354799999994,0.0,2021-05-26 16:24:41.935253,806.255251254536,924.0230262308266
40.4243221,-3.6709458599999993,0.0,2021-05-26 16:24:43.630803,806.2558634071636,924.023574191851
40.4242056,-3.6709562399999993,0.0,2021-05-26 16:24:45.326353,806.2564755561592,928.4663527204978
40.424089099999996,-3.6709666199999993,0.0,2021-05-26 16:24:47.021903,806.2570877015244,928.4665158975075
40.4239726,-3.670976999999999,0.0,2021-05-26 16:24:48.717453,0.0,0.0
40.4239726,-3.670976999999999,0.0,2021-05-26 16:24:50.413003,0.0,0.0
