Latitud,Longitud,Tunel
40.4055932,-3.7005444,0.0
40.4055116,-3.7008942,0.0
40.4055116,-3.7008942,0.0
40.4055116,-3.7008942,0.0
40.4055116,-3.7008942,0.0
40.4054196,-3.7013145,0.0
40.4054196,-3.7013145,0.0
40.4054196,-3.7013145,0.0
40.4052877,-3.7020035,0.0
40.4052877,-3.7020035,0.0
40.4052877,-3.7020035,0.0
40.40512409999999,-3.7022481,0.0
40.4052149,-3.7026864,0.0
40.4050252,-3.7026,0.0
40.4052149,-3.7026864,0.0
40.4052149,-3.7026864,0.0
40.4052525,-3.7030826,0.0
40.4052525,-3.7030826,0.0
40.4052829,-3.7035441,0.0
40.4052829,-3.7035441,0.0
40.4052829,-3.7035441,0.0
40.4052829,-3.7035441,0.0
40.4052829,-3.7035441,0.0
40.4053622,-3.7038816,0.0
40.4053622,-3.7038816,0.0
40.4053622,-3.7038816,0.0
40.4054725,-3.7043057,0.0
40.4054725,-3.7043057,0.0
40.4054725,-3.7043057,0.0
40.4055121,-3.7048355,0.0
40.4055121,-3.7048355,0.0
40.4055121,-3.7048355,0.0
40.4055121,-3.7048355,0.0
40.4055736,-3.7052042,0.0
40.4055736,-3.7052042,0.0
40.4055736,-3.7052042,0.0
40.4056491,-3.7056499,0.0
40.4056491,-3.7056499,0.0
40.4056491,-3.7056499,0.0
40.4056491,-3.7056499,0.0
40.4056491,-3.7056499,0.0
40.4057404,-3.7060415,0.0
40.4057404,-3.7060415,0.0
40.4057404,-3.7060415,0.0
40.4057404,-3.7060415,0.0
40.4058833,-3.706439,0.0
40.4058833,-3.706439,0.0
40.4058833,-3.706439,0.0
40.4058833,-3.706439,0.0
40.4058833,-3.706439,0.0
40.4059252,-3.7068954,0.0
40.4059252,-3.7068954,0.0
40.4059252,-3.7068954,0.0
40.405988,-3.7073515,0.0
40.405988,-3.7073515,0.0
40.405988,-3.7073515,0.0
40.405988,-3.7073515,0.0
40.405988,-3.7073515,0.0
40.405988,-3.7073515,0.0
40.4060649,-3.7079099,0.0
40.4060649,-3.7079099,0.0
40.4060649,-3.7079099,0.0
40.4060649,-3.7079099,0.0
40.4061024,-3.7086779,0.0
40.4061024,-3.7086779,0.0
40.4061024,-3.7086779,0.0
40.40613889999999,-3.7089508,0.0
40.4063197,-3.7092744,0.0
40.4063197,-3.7092744,0.0
40.4063071,-3.7095684,0.0
40.4062917,-3.7096275,0.0
40.406311,-3.7098384,0.0
40.406311,-3.7098384,0.0
40.4063711,-3.7101012,0.0
40.4063711,-3.7101012,0.0
40.4063711,-3.7101012,0.0
40.4064373,-3.7103901,0.0
40.4064373,-3.7103901,0.0
40.4064614,-3.7106131,0.0
40.406492,-3.7106479,0.0
40.4065352,-3.7108669,0.0
40.4065905,-3.7109436,0.0
40.4065905,-3.7109436,0.0
40.4066449,-3.7108397,0.0
40.4066638,-3.7112653,0.0
40.4151318,-3.7077766,0.0
40.4069559,-3.7114504,0.0
40.4069559,-3.7114504,0.0
40.4069559,-3.7114504,0.0
40.4071995,-3.7114128,0.0
40.4071995,-3.7114128,0.0
40.4074297,-3.7113634,0.0
40.4076055,-3.7113171,0.0
40.4077992,-3.7112042,0.0
40.4077992,-3.7112042,0.0
40.4080456,-3.7110665,0.0
40.4081369,-3.7110169,0.0
40.4081369,-3.7110169,0.0
40.4085147,-3.7108282,0.0
40.4084994,-3.7107416,0.0
40.4085945,-3.7106762,0.0
40.4087878,-3.7105385,0.0
40.4087878,-3.7105385,0.0
40.4089076,-3.7104064,0.0
40.4090393,-3.7102575,0.0
40.4093138,-3.7102314,0.0
40.4093126,-3.7100299,0.0
40.4093126,-3.7100299,0.0
40.40948,-3.7099029,0.0
40.4095681,-3.7098262,0.0
40.4095681,-3.7098262,0.0
40.4097048,-3.7096974,0.0
40.4097048,-3.7096974,0.0
40.4098879,-3.7096012,0.0
40.4098879,-3.7096012,0.0
40.4101103,-3.7094467,0.0
40.4101795,-3.70937,0.0
40.4102743,-3.7092941,0.0
40.4104456,-3.709204,0.0
40.4105368,-3.7090652,0.0
40.4106499,-3.7089285,0.0
40.4106499,-3.7089285,0.0
40.4108269,-3.7088033,0.0
40.4108269,-3.7088033,0.0
40.4110482,-3.7086772,0.0
40.4110482,-3.7086772,0.0
40.4111498,-3.7085413,0.0
40.4112563,-3.7084254,0.0
40.4112563,-3.7084254,0.0
40.4114248,-3.7083245,0.0
40.41159,-3.7082489,0.0
40.4117274,-3.7081329,0.0
40.4119781,-3.7079765,0.0
40.4119781,-3.7079765,0.0
40.4121311,-3.7078293,0.0
40.4121311,-3.7078293,0.0
40.4124037,-3.7077549,0.0
40.4126586,-3.7076006,0.0
40.4126586,-3.7076006,0.0
40.4126586,-3.7076006,0.0
40.4130515,-3.7075263,0.0
40.4130515,-3.7075263,0.0
40.4132422,-3.7074996,0.0
40.4132422,-3.7074996,0.0
40.4136348,-3.7075141,0.0
40.4136348,-3.7075141,0.0
40.4136348,-3.7075141,0.0
40.4140328,-3.7076087,0.0
40.4140328,-3.7076087,0.0
40.4142667,-3.7076154,1.0
40.4142667,-3.7076154,1.0
40.4146722,-3.7077474,1.0
40.4146722,-3.7077474,1.0
40.4148578,-3.7077545,1.0
40.4149937,-3.7077283,1.0
40.4149937,-3.7077283,1.0
40.4153404,-3.7077756,1.0
40.4153404,-3.7077756,1.0
40.4155539,-3.7079346,1.0
40.4155539,-3.7079346,1.0
40.4158271,-3.7080511,1.0
40.4159701,-3.708032,1.0
40.4160522,-3.708029,1.0
40.41616090000001,-3.708018599999999,1.0
40.4162927,-3.7082602,1.0
40.4165617,-3.7084132,0.0
40.4165617,-3.7084132,0.0
40.4167264,-3.7084407,0.0
40.4167264,-3.7084407,0.0
40.4167547,-3.7084984,0.0
40.4169743,-3.7083161,0.0
40.4169743,-3.7083161,0.0
40.4172733,-3.7081039,0.0
40.4173617,-3.707997,0.0
40.4174466,-3.7078554,0.0
40.4174466,-3.7078554,0.0
40.4177367,-3.7075327,0.0
40.4177367,-3.7075327,0.0
40.418084,-3.707392,0.0
40.418084,-3.707392,0.0
40.4170833,-3.7079587,0.0
40.4182315,-3.7073383,0.0
40.4182029,-3.7076174,0.0
40.4182029,-3.7076174,0.0
40.418274,-3.7078501,0.0
40.418274,-3.7078501,0.0
40.4183316,-3.7080741,0.0
40.4183524,-3.7081394,0.0
40.4183545,-3.7082205,0.0
40.4183721,-3.7083561,0.0
40.41834739999999,-3.7084689,0.0
40.4184375,-3.708492,0.0
40.4186727,-3.7083309,0.0
40.4186727,-3.7083309,0.0
40.4189112,-3.7082169,0.0
40.4189112,-3.7082169,0.0
40.4189112,-3.7082169,0.0
40.4190423,-3.7082438,0.0
40.4193105,-3.7081818,0.0
40.4193105,-3.7081818,0.0
40.4195097,-3.7080904,0.0
40.4195097,-3.7080904,0.0
40.4196489,-3.708015,0.0
40.4197268,-3.7079781,0.0
40.4197268,-3.7079781,0.0
40.419873,-3.707913,0.0
40.4200359,-3.7080922,0.0
40.4200359,-3.7080922,0.0
40.4200359,-3.7080922,0.0
40.4201644,-3.7081985,0.0
40.4201644,-3.7081985,0.0
40.4203081,-3.7082385,0.0
40.4204454,-3.708306,0.0
40.4204454,-3.708306,0.0
40.4205208,-3.7083661,0.0
40.4207859,-3.7083567,0.0
40.4207859,-3.7083567,0.0
40.4207859,-3.7083567,0.0
40.4209049,-3.7082621,0.0
40.42105,-3.7082355,0.0
40.421215,-3.7081806,0.0
40.421215,-3.7081806,0.0
40.4213002,-3.7080513,0.0
40.4213673,-3.7080163,0.0
40.4216185,-3.7079996,0.0
40.4216185,-3.7079996,0.0
40.421708,-3.7079016,0.0
40.4218955,-3.7078711,0.0
40.4218955,-3.7078711,0.0
40.422111,-3.7078041,0.0
40.422111,-3.7078041,0.0
40.4223529,-3.7077525,0.0
40.4223529,-3.7077525,0.0
40.4223529,-3.7077525,0.0
40.4227128,-3.7076884,0.0
40.4227128,-3.7076884,0.0
40.4227128,-3.7076884,0.0
40.4229598,-3.7075912,0.0
40.4229598,-3.7075912,0.0
40.4229598,-3.7075912,0.0
40.423258,-3.7075401,0.0
40.423258,-3.7075401,0.0
40.4234964,-3.7075342,0.0
40.4234964,-3.7075342,0.0
40.4234964,-3.7075342,0.0
40.4234998,-3.7075528,0.0
40.4234998,-3.7075528,0.0
40.4239795,-3.7075852,0.0
40.4239795,-3.7075852,0.0
40.4239795,-3.7075852,0.0
40.4242535,-3.7075931,0.0
40.4244581,-3.70747,0.0
40.4244581,-3.70747,0.0
40.4244581,-3.70747,0.0
40.4249265,-3.7075428,0.0
40.4249265,-3.7075428,0.0
40.4249265,-3.7075428,0.0
40.4249265,-3.7075428,0.0
40.4253484,-3.7073676,0.0
40.4253484,-3.7073676,0.0
40.4253484,-3.7073676,0.0
40.4253484,-3.7073676,0.0
40.4257411,-3.7073525,0.0
40.4257411,-3.7073525,0.0
40.4257411,-3.7073525,0.0
40.4257411,-3.7073525,0.0
40.4260922,-3.7070335,0.0
40.4260922,-3.7070335,0.0
40.4260922,-3.7070335,0.0
40.4260922,-3.7070335,0.0
40.4260922,-3.7070335,0.0
40.4260922,-3.7070335,0.0
40.4261983,-3.7067329,0.0
40.4264035,-3.7067482,0.0
40.4264035,-3.7067482,0.0
40.4264035,-3.7067482,0.0
40.4264035,-3.7067482,0.0
40.4268997,-3.7067061,0.0
40.4268997,-3.7067061,0.0
40.4268997,-3.7067061,0.0
40.4268997,-3.7067061,0.0
40.4268997,-3.7067061,0.0
40.4268997,-3.7067061,0.0
40.4268997,-3.7067061,0.0
40.4268997,-3.7067061,0.0
40.4273088,-3.7064138,0.0
40.4273088,-3.7064138,0.0
40.4273088,-3.7064138,0.0
40.4273088,-3.7064138,0.0
40.4273088,-3.7064138,0.0
40.4276595,-3.706232,0.0
40.4276595,-3.706232,0.0
40.4279111,-3.7062725,0.0
40.4279111,-3.7062725,0.0
40.4279111,-3.7062725,0.0
40.4279111,-3.7062725,0.0
40.4281957,-3.7061605,0.0
40.4281957,-3.7061605,0.0
40.4281957,-3.7061605,0.0
40.4285547,-3.7059833,0.0
40.4285547,-3.7059833,0.0
40.4285547,-3.7059833,0.0
40.4285547,-3.7059833,0.0
40.4288854,-3.7060198,0.0
40.4288854,-3.7060198,0.0
40.4288854,-3.7060198,0.0
40.4290492,-3.7058552,0.0
40.4290492,-3.7058552,0.0
40.4293403,-3.7057619,0.0
40.4293403,-3.7057619,0.0
40.4293339,-3.7057735,0.0
40.429623,-3.7055328,0.0
40.429623,-3.7055328,0.0
40.429623,-3.7055328,0.0
40.4297498,-3.7054926,0.0
40.4297498,-3.7054926,0.0
40.4297498,-3.7054926,0.0
40.42981169999999,-3.7055654,0.0
40.429999,-3.7055255,0.0
40.429999,-3.7055255,0.0
40.429999,-3.7055255,0.0
40.4301564,-3.7056207,0.0
40.4301564,-3.7056207,0.0
40.4303875,-3.7055301,0.0
40.4303875,-3.7055301,0.0
40.4303875,-3.7055301,0.0
40.4303875,-3.7055301,0.0
40.4305696,-3.7054593,0.0
40.4305696,-3.7054593,0.0
40.4305696,-3.7054593,0.0
40.4307898,-3.7053465,0.0
40.4307898,-3.7053465,0.0
40.4308607,-3.7053311,0.0
40.4308607,-3.7053311,0.0
40.4310968,-3.7052727,0.0
40.4310968,-3.7052727,0.0
40.4310968,-3.7052727,0.0
40.4310968,-3.7052727,0.0
40.4312279,-3.7052091,0.0
40.4312279,-3.7052091,0.0
40.4312279,-3.7052091,0.0
40.4314438,-3.7051452,0.0
40.4314438,-3.7051452,0.0
40.4314438,-3.7051452,0.0
40.4314438,-3.7051452,0.0
40.4314438,-3.7051452,0.0
40.4316472,-3.7050164,0.0
40.4316472,-3.7050164,0.0
40.4316472,-3.7050164,0.0
40.4317819,-3.7049583,0.0
40.4317819,-3.7049583,0.0
40.4317819,-3.7049583,0.0
40.4317819,-3.7049583,0.0
40.431995,-3.7048702,0.0
40.431995,-3.7048702,0.0
40.431995,-3.7048702,0.0
40.431995,-3.7048702,0.0
40.4321071,-3.7048401,0.0
40.4321302,-3.7048697,0.0
40.432309,-3.7048173,0.0
40.4324788,-3.7047814,0.0
40.4324962,-3.7047659,0.0
40.4326375,-3.7047069,0.0
40.4327698,-3.7045049,0.0
40.4327698,-3.7045049,0.0
40.4329872,-3.7044776,0.0
40.4329872,-3.7044776,0.0
40.4329872,-3.7044776,0.0
40.4331792,-3.7043531,0.0
40.4331792,-3.7043531,0.0
40.4333312,-3.7042951,0.0
40.4334193,-3.704319899999999,0.0
40.4335557,-3.7041741,0.0
40.4335557,-3.7041741,0.0
40.433638,-3.7039476,0.0
40.4337534,-3.7037204,0.0
40.4337534,-3.7037204,0.0
40.433821,-3.7034278,0.0
40.433821,-3.7034278,0.0
40.433874,-3.7032147,0.0
40.433874,-3.7032147,0.0
40.4339523,-3.702882,0.0
40.4339523,-3.702882,0.0
40.4340025,-3.7025773,0.0
40.4340025,-3.7025773,0.0
40.4340782,-3.7023537,0.0
40.4340782,-3.7023537,0.0
40.4341176,-3.7021017,0.0
40.4341176,-3.7021017,0.0
40.4341831,-3.7018425,0.0
40.4341831,-3.7018425,0.0
40.4342829,-3.7015391,0.0
40.4342829,-3.7015391,0.0
40.4343757,-3.7012135,0.0
40.4343757,-3.7012135,0.0
40.4343939,-3.7010166,0.0
40.4343939,-3.7010166,0.0
40.434493,-3.7007811,0.0
40.434493,-3.7007811,0.0
40.4345623,-3.7004974,0.0
40.4345623,-3.7004974,0.0
40.4346352,-3.7002636,0.0
40.4346352,-3.7002636,0.0
40.4346352,-3.7002636,0.0
40.4346873,-3.6998425,0.0
40.4346873,-3.6998425,0.0
40.4347483,-3.6995267,0.0
40.4347483,-3.6995267,0.0
40.4348224,-3.6992509,0.0
40.4348224,-3.6992509,0.0
40.4348224,-3.6992509,0.0
40.4348853,-3.6989247,0.0
40.4348853,-3.6989247,0.0
40.4349512,-3.6987247,0.0
40.4350449,-3.6984446,0.0
40.4350449,-3.6984446,0.0
40.4350449,-3.6984446,0.0
40.4351253,-3.6981959,0.0
40.4350082,-3.698067,0.0
40.4351737,-3.6980066,0.0
40.4352752,-3.6980675,0.0
40.4352752,-3.6980675,0.0
40.4352752,-3.6980675,0.0
40.4354696,-3.6980547,0.0
40.4354696,-3.6980547,0.0
40.4356033,-3.6980814,0.0
40.4357421,-3.6980649,0.0
40.4359281,-3.6980364,0.0
40.4360369,-3.6980315,0.0
40.4360369,-3.6980315,0.0
40.4361381,-3.6979893,0.0
40.4363047,-3.6980015,0.0
40.4364488,-3.6980401,0.0
40.4366117,-3.6980235,0.0
40.4366117,-3.6980235,0.0
40.4367617,-3.6979408,0.0
40.4367617,-3.6979408,0.0
40.4369779,-3.6979549,0.0
40.4369779,-3.6979549,0.0
40.4369779,-3.6979549,0.0
40.4371871,-3.6978679,0.0
40.4371767,-3.6978291,0.0
40.4371767,-3.6978291,0.0
40.4371767,-3.6978291,0.0
40.4373742,-3.6978637,0.0
40.4373742,-3.6978637,0.0
40.4375809,-3.6977579,0.0
40.4375809,-3.6977579,0.0
40.4376913,-3.6977347,0.0
40.4376913,-3.6977347,0.0
40.4378954,-3.6978561,0.0
40.4378954,-3.6978561,0.0
40.4379825,-3.697819,0.0
40.4381713,-3.697761,0.0
40.4381713,-3.697761,0.0
40.4383024,-3.6976865,0.0
40.43836779999999,-3.697788799999999,0.0
40.4384265,-3.6974985,0.0
40.4384265,-3.6974985,0.0
40.4384265,-3.6974985,0.0
40.4384104,-3.6971583,0.0
40.4384104,-3.6971583,0.0
40.4384104,-3.6971583,0.0
40.4383696,-3.6969117,0.0
40.4383524,-3.6965056,0.0
40.4383524,-3.6965056,0.0
40.4383524,-3.6965056,0.0
40.4383291,-3.6960854,0.0
40.4383291,-3.6960854,0.0
40.4383291,-3.6960854,0.0
40.4383033,-3.6956891,0.0
40.4383033,-3.6956891,0.0
40.4383033,-3.6956891,0.0
40.4382532,-3.6953853,0.0
40.4382532,-3.6953853,0.0
40.4382965,-3.6950136,0.0
40.4382965,-3.6950136,0.0
40.4382617,-3.6946956,0.0
40.4382617,-3.6946956,0.0
40.438239,-3.694519,0.0
40.4382414,-3.6943655,0.0
40.4382414,-3.6943655,0.0
40.4382246,-3.6942827,0.0
40.4381836,-3.6939775,0.0
40.4381836,-3.6939775,0.0
40.4381854,-3.6935506,0.0
40.4381854,-3.6935506,0.0
40.4381751,-3.6933668,0.0
40.4381751,-3.6933668,0.0
40.4381699,-3.6929446,0.0
40.4381699,-3.6929446,0.0
40.438167,-3.6926274,0.0
40.438167,-3.6926274,0.0
40.4381593,-3.6923314,0.0
40.4381438,-3.6922315,0.0
40.4381438,-3.6922315,0.0
40.4381457,-3.6918577,0.0
40.4381312,-3.6917698,0.0
40.4381312,-3.6917698,0.0
40.4383712,-3.6920406,0.0
40.4380405,-3.6912726,0.0
40.4389892,-3.6911286,0.0
40.4389892,-3.6911286,0.0
40.4389892,-3.6911286,0.0
40.4384811,-3.690782,0.0
40.4389892,-3.6911286,0.0
40.4389892,-3.6911286,0.0
40.4389892,-3.6911286,0.0
40.4389892,-3.6911286,0.0
40.4389892,-3.6911286,0.0
40.4389892,-3.6911286,0.0
40.4389892,-3.6911286,0.0
40.4389892,-3.6911286,0.0
40.4396051,-3.6908875,0.0
40.4396829,-3.6911943,0.0
40.4398739,-3.6909662,0.0
40.4399717,-3.6909638,0.0
40.4397528,-3.6907132,0.0
40.4400574,-3.6908454,0.0
40.4405254,-3.6908953,0.0
40.4410707,-3.6912887,0.0
40.4412202,-3.6909991,0.0
40.4408895,-3.6908842,0.0
40.4408465,-3.6906689,0.0
40.4404069,-3.690293999999999,0.0