Latitud,Longitud,Tunel,Tiempo,GHI,POA
40.4049948,-3.7006163,0.0,2022-05-13 11:50:54.000000,780.4051785942885,914.2078725666463
40.40489723333333,-3.7005482833333327,0.0,2022-05-13 11:50:55.751953,780.4062543993338,914.2086016761218
40.40479966666666,-3.700480266666665,0.0,2022-05-13 11:50:57.503906,780.4073302024507,914.2093307830893
40.404702099999994,-3.7004122499999976,0.0,2022-05-13 11:50:59.255859,780.4084060036407,914.2100598875497
40.404604533333334,-3.700344233333335,0.0,2022-05-13 11:51:01.007812,782.477462099507,915.0388592546122
40.404506966666666,-3.7002762166666674,0.0,2022-05-13 11:51:02.759765,782.478537439737,915.0395860594564
40.4044094,-3.7002082,0.0,2022-05-13 11:51:04.511718,782.4796127780206,924.9692220325456
40.4044094,-3.7002082,0.0,2022-05-13 11:51:06.263671,782.4796127780206,924.9692220325456
40.40443640769231,-3.7000887884615277,0.0,2022-05-13 11:51:08.015624,782.480454285065,924.9699201804658
40.40446341538461,-3.699969376923087,0.0,2022-05-13 11:51:09.767577,782.4812957881883,924.9706183234357
40.40449042307692,-3.6998499653846144,0.0,2022-05-13 11:51:11.519530,782.4821372873897,924.9713164614548
40.40451743076923,-3.6997305538461416,0.0,2022-05-13 11:51:13.271483,782.4829787826708,924.9720145945239
40.404544438461535,-3.6996111423077007,0.0,2022-05-13 11:51:15.023436,782.4838202740307,924.9727127226423
40.404571446153845,-3.6994917307692283,0.0,2022-05-13 11:51:16.775389,782.48466176147,924.9734108458108
40.404598453846155,-3.699372319230756,0.0,2022-05-13 11:51:18.527342,782.4855032449873,924.9741089640282
40.40462546153846,-3.699252907692315,0.0,2022-05-13 11:51:20.279295,0.0,0.0
40.40465246923077,-3.6991334961538427,0.0,2022-05-13 11:51:22.031248,0.0,0.0
40.40467947692308,-3.6990140846153703,0.0,2022-05-13 11:51:23.783201,0.0,0.0
40.40470648461538,-3.698894673076929,0.0,2022-05-13 11:51:25.535154,0.0,0.0
40.40473349230769,-3.6987752615384566,0.0,2022-05-13 11:51:27.287107,0.0,0.0
40.404760499999995,-3.6986558500000157,0.0,2022-05-13 11:51:29.039060,0.0,0.0
40.404787507692305,-3.6985364384615433,0.0,2022-05-13 11:51:30.791013,782.491393519821,924.9789956529407
40.404814515384615,-3.698417026923071,0.0,2022-05-13 11:51:32.542966,782.4922349719701,924.9796937315552
40.40484152307692,-3.6982976153846296,0.0,2022-05-13 11:51:34.294919,782.493076420198,924.9803918052195
40.40486853076923,-3.6981782038461573,0.0,2022-05-13 11:51:36.046872,0.0,0.0
40.40489553846154,-3.698058792307685,0.0,2022-05-13 11:51:37.798825,782.4947593048904,924.9817879376961
40.40492254615384,-3.697939380769244,0.0,2022-05-13 11:51:39.550778,782.4956007413545,924.9824859965083
40.40494955384615,-3.6978199692307716,0.0,2022-05-13 11:51:41.302731,782.4964421738979,924.9831840503707
40.40497656153846,-3.697700557692299,0.0,2022-05-13 11:51:43.054684,782.4972836025204,924.9838820992827
40.405003569230765,-3.6975811461538584,0.0,2022-05-13 11:51:44.806637,782.4981250272212,924.9845801432439
40.405030576923075,-3.6974617346153855,0.0,2022-05-13 11:51:46.558590,782.498966448002,924.9852781822556
40.405057584615385,-3.697342323076913,0.0,2022-05-13 11:51:48.310543,782.4998078648605,915.0463355007943
40.40508459230769,-3.6972229115384723,0.0,2022-05-13 11:51:50.062496,782.5006492777983,915.0465863810069
40.4051116,-3.6971035,0.0,2022-05-13 11:51:51.814449,782.501490686815,915.0468372561734
40.4051116,-3.6971035,0.0,2022-05-13 11:51:53.566402,782.501490686815,915.0468372561734
40.40502719090909,-3.697038954545454,0.0,2022-05-13 11:51:55.318355,782.5024679909122,915.0474846728538
40.40494278181818,-3.6969744090909082,0.0,2022-05-13 11:51:57.070308,0.0,0.0
40.40485837272727,-3.696909863636362,0.0,2022-05-13 11:51:58.822261,0.0,0.0
40.40477396363636,-3.696845318181816,0.0,2022-05-13 11:52:00.574214,0.0,0.0
40.40468955454545,-3.69678077272727,0.0,2022-05-13 11:52:02.326167,0.0,0.0
40.404605145454546,-3.69671622727273,0.0,2022-05-13 11:52:04.078120,784.5623415009456,915.8603519983474
40.40452073636364,-3.696651681818184,0.0,2022-05-13 11:52:05.830073,784.563318081585,915.8609969885532
40.40443632727273,-3.696587136363638,0.0,2022-05-13 11:52:07.582026,0.0,0.0
40.40435191818182,-3.6965225909090917,0.0,2022-05-13 11:52:09.333979,784.565271238369,915.8622869629669
40.40426750909091,-3.696458045454546,0.0,2022-05-13 11:52:11.085932,784.5662478145127,926.5419858616123
40.4041831,-3.6963935,0.0,2022-05-13 11:52:12.837885,0.0,0.0
40.4041831,-3.6963935,0.0,2022-05-13 11:52:14.589838,0.0,0.0
40.404181226086955,-3.6962708869565826,0.0,2022-05-13 11:52:16.341791,0.0,0.0
40.40417935217391,-3.696148273913165,0.0,2022-05-13 11:52:18.093744,0.0,0.0
40.40417747826087,-3.696025660869747,0.0,2022-05-13 11:52:19.845697,0.0,0.0
40.40417560434782,-3.6959030478258645,0.0,2022-05-13 11:52:21.597650,0.0,0.0
40.40417373043478,-3.695780434782447,0.0,2022-05-13 11:52:23.349603,0.0,0.0
40.404171856521735,-3.6956578217390295,0.0,2022-05-13 11:52:25.101556,784.5733081461398,926.5470776322961
40.40416998260869,-3.695535208695612,0.0,2022-05-13 11:52:26.853509,0.0,0.0
40.40416810869565,-3.6954125956521944,0.0,2022-05-13 11:52:28.605462,0.0,0.0
40.40416623478261,-3.6952899826087764,0.0,2022-05-13 11:52:30.357415,0.0,0.0
40.404164360869565,-3.695167369565359,0.0,2022-05-13 11:52:32.109368,784.5773639234342,926.5501100525112
40.40416248695652,-3.6950447565219413,0.0,2022-05-13 11:52:33.861321,0.0,0.0
40.40416061304347,-3.694922143478059,0.0,2022-05-13 11:52:35.613274,0.0,0.0
40.40415873913043,-3.6947995304346413,0.0,2022-05-13 11:52:37.365227,0.0,0.0
40.40415686521739,-3.6946769173912237,0.0,2022-05-13 11:52:39.117180,0.0,0.0
40.404154991304345,-3.6945543043478057,0.0,2022-05-13 11:52:40.869133,784.582433576778,915.8696029853666
40.4041531173913,-3.694431691304388,0.0,2022-05-13 11:52:42.621086,0.0,0.0
40.40415124347826,-3.6943090782609707,0.0,2022-05-13 11:52:44.373039,0.0,0.0
40.40414936956522,-3.694186465217553,0.0,2022-05-13 11:52:46.124992,0.0,0.0
40.404147495652175,-3.6940638521741356,0.0,2022-05-13 11:52:47.876945,0.0,0.0
40.404145621739126,-3.693941239130253,0.0,2022-05-13 11:52:49.628898,784.5875031542574,915.8716114546685
40.40414374782608,-3.693818626086835,0.0,2022-05-13 11:52:51.380851,784.5885170606487,926.558448840331
40.40414187391304,-3.6936960130434175,0.0,2022-05-13 11:52:53.132804,784.5895309640058,915.8724148121454
40.40414,-3.6935734,0.0,2022-05-13 11:52:54.884757,784.5905448643271,926.5599649256169
40.40414,-3.6935734,0.0,2022-05-13 11:52:56.636710,784.5905448643271,926.5599649256169
40.40423368064516,-3.693562751612903,0.0,2022-05-13 11:52:58.388663,784.5901347663515,915.8723637068872
40.40432736129032,-3.6935521032258065,0.0,2022-05-13 11:53:00.140616,0.0,0.0
40.404421041935485,-3.693541454838709,0.0,2022-05-13 11:53:01.892569,786.6312939029042,916.6626959676735
40.40451472258064,-3.693530806451613,0.0,2022-05-13 11:53:03.644522,786.6308803846186,916.6622399011903
40.40460840322581,-3.6935201580645156,0.0,2022-05-13 11:53:05.396475,786.630466863621,916.6617838320406
40.404702083870966,-3.6935095096774195,0.0,2022-05-13 11:53:07.148428,786.6300533399087,916.6613277602235
40.40479576451613,-3.693498861290322,0.0,2022-05-13 11:53:08.900381,786.629639813484,916.6608716857395
40.40488944516129,-3.693488212903226,0.0,2022-05-13 11:53:10.652334,786.6292262843459,916.6604156085884
40.40498312580645,-3.6934775645161286,0.0,2022-05-13 11:53:12.404287,786.6288127524948,916.6599595287709
40.40507680645161,-3.693466916129032,0.0,2022-05-13 11:53:14.156240,0.0,0.0
40.405170487096775,-3.693456267741935,0.0,2022-05-13 11:53:15.908193,786.6279856806517,916.6590473611338
40.40526416774193,-3.6934456193548386,0.0,2022-05-13 11:53:17.660146,786.6275721406611,916.658591273315
40.4053578483871,-3.6934349709677416,0.0,2022-05-13 11:53:19.412099,786.6271585979559,916.6581351828289
40.405451529032256,-3.693424322580645,0.0,2022-05-13 11:53:21.164052,786.6267450525385,916.6576790896762
40.40554520967742,-3.693413674193548,0.0,2022-05-13 11:53:22.916005,786.6263315044073,916.6572229938562
40.40563889032258,-3.6934030258064516,0.0,2022-05-13 11:53:24.667958,786.6259179535635,916.6567668953695
40.40573257096774,-3.6933923774193547,0.0,2022-05-13 11:53:26.419911,786.6255044000058,916.6563107942155
40.4058262516129,-3.693381729032258,0.0,2022-05-13 11:53:28.171864,786.6250908437353,916.655854690395
40.405919932258065,-3.693371080645161,0.0,2022-05-13 11:53:29.923817,786.6246772847513,916.655398583907
40.40601361290322,-3.6933604322580647,0.0,2022-05-13 11:53:31.675770,786.6242637230542,916.6549424747523
40.40610729354839,-3.6933497838709677,0.0,2022-05-13 11:53:33.427723,786.6238501586442,916.6544863629307
40.406200974193546,-3.693339135483871,0.0,2022-05-13 11:53:35.179676,786.6234365915197,916.6540302484417
40.40629465483871,-3.6933284870967737,0.0,2022-05-13 11:53:36.931629,786.6230230216828,916.6535741312861
40.40638833548387,-3.6933178387096777,0.0,2022-05-13 11:53:38.683582,0.0,0.0
40.40648201612903,-3.6933071903225803,0.0,2022-05-13 11:53:40.435535,786.6221958738697,928.0877654570799
40.40657569677419,-3.693296541935484,0.0,2022-05-13 11:53:42.187488,786.6217822958932,916.6522057638173
40.406669377419355,-3.6932858935483868,0.0,2022-05-13 11:53:43.939441,786.6213687152027,916.6517496359933
40.40676305806451,-3.6932752451612907,0.0,2022-05-13 11:53:45.691394,0.0,0.0
40.40685673870968,-3.6932645967741933,0.0,2022-05-13 11:53:47.443347,786.6205415456831,916.650837372345
40.406950419354835,-3.6932539483870968,0.0,2022-05-13 11:53:49.195300,786.6201279568533,916.6503812365203
40.4070441,-3.6932433,0.0,2022-05-13 11:53:50.947253,786.6197143653109,916.649925098029
40.4070441,-3.6932433,0.0,2022-05-13 11:53:52.699206,786.6197143653109,916.649925098029
40.407123094117644,-3.693169800000003,0.0,2022-05-13 11:53:54.451159,786.6198905571782,928.0874828079543
40.407202088235294,-3.693096299999999,0.0,2022-05-13 11:53:56.203112,786.6200667447756,916.6495588856477
40.40728108235294,-3.6930228000000027,0.0,2022-05-13 11:53:57.955065,786.6202429281008,916.6493757726596
40.40736007647059,-3.692949299999999,0.0,2022-05-13 11:53:59.707018,786.6204191071538,916.64919265514
40.40743907058823,-3.692875800000002,0.0,2022-05-13 11:54:01.458971,788.649556265285,917.4219617602275
40.40751806470588,-3.6928022999999985,0.0,2022-05-13 11:54:03.210924,788.6497262402437,929.600483294417
40.40759705882353,-3.692728800000002,0.0,2022-05-13 11:54:04.962877,788.6498962109329,917.4215806334417
40.40767605294118,-3.6926552999999984,0.0,2022-05-13 11:54:06.714830,788.6500661773523,917.4213900632628
40.40775504705882,-3.6925818000000015,0.0,2022-05-13 11:54:08.466783,788.6502361395014,917.4211994885599
40.40783404117647,-3.692508299999998,0.0,2022-05-13 11:54:10.218736,788.6504060973812,917.4210089093333
40.407913035294115,-3.6924348000000013,0.0,2022-05-13 11:54:11.970689,788.6505760509912,917.4208183255826
40.407992029411766,-3.6923612999999977,0.0,2022-05-13 11:54:13.722642,788.6507460003305,917.4206277373074
40.40807102352941,-3.692287800000001,0.0,2022-05-13 11:54:15.474595,788.6509159454002,917.4204371445088
40.40815001764706,-3.692214299999997,0.0,2022-05-13 11:54:17.226548,788.6510858862002,929.6029010108825
40.4082290117647,-3.6921408000000007,0.0,2022-05-13 11:54:18.978501,788.651255822731,917.4200559453394
40.408308005882354,-3.692067299999997,0.0,2022-05-13 11:54:20.730454,788.6514257549907,917.4198653389686
40.408387,-3.6919938,0.0,2022-05-13 11:54:22.482407,788.6515956829809,917.4196747280739
40.408387,-3.6919938,0.0,2022-05-13 11:54:24.234360,788.6515956829809,917.4196747280739
40.40846499,-3.69198562,0.0,2022-05-13 11:54:25.986313,788.6512429536201,917.4192901382589
40.40854298,-3.69197744,0.0,2022-05-13 11:54:27.738266,0.0,0.0
40.40862097,-3.6919692599999996,0.0,2022-05-13 11:54:29.490219,0.0,0.0
40.40869896,-3.6919610799999996,0.0,2022-05-13 11:54:31.242172,0.0,0.0
40.408776950000004,-3.6919528999999995,0.0,2022-05-13 11:54:32.994125,0.0,0.0
40.40885494,-3.6919447200000004,0.0,2022-05-13 11:54:34.746078,0.0,0.0
40.40893293,-3.6919365400000004,0.0,2022-05-13 11:54:36.498031,788.6491265382277,917.4169825608258
40.40901092,-3.69192836,0.0,2022-05-13 11:54:38.249984,788.6487737957916,917.4165979581637
40.40908891,-3.69192018,0.0,2022-05-13 11:54:40.001937,788.648421051487,917.4162133536659
40.4091669,-3.691912,0.0,2022-05-13 11:54:41.753890,788.6480683053152,917.4158287473331
40.4091669,-3.691912,0.0,2022-05-13 11:54:43.505843,788.6480683053152,917.4158287473331
40.40925585221239,-3.691919824778761,0.0,2022-05-13 11:54:45.257796,788.6475272997968,917.4153377534801
40.409344804424784,-3.691927649557522,0.0,2022-05-13 11:54:47.009749,788.6469862922237,917.4148467575706
40.40943375663717,-3.691935474336283,0.0,2022-05-13 11:54:48.761702,788.6464452825973,917.4143557596051
40.40952270884956,-3.691943299115044,0.0,2022-05-13 11:54:50.513655,0.0,0.0
40.40961166106195,-3.6919511238938054,0.0,2022-05-13 11:54:52.265608,788.6453632571809,917.4133737575052
40.40970061327434,-3.6919589486725664,0.0,2022-05-13 11:54:54.017561,788.6448222413916,917.4128827533709
40.409789565486726,-3.6919667734513273,0.0,2022-05-13 11:54:55.769514,0.0,0.0
40.40987851769912,-3.6919745982300887,0.0,2022-05-13 11:54:57.521467,0.0,0.0
40.40996746991151,-3.6919824230088496,0.0,2022-05-13 11:54:59.273420,0.0,0.0
40.410056422123894,-3.6919902477876105,0.0,2022-05-13 11:55:01.025373,0.0,0.0
40.41014537433629,-3.691998072566372,0.0,2022-05-13 11:55:02.777326,0.0,0.0
40.410234326548675,-3.692005897345133,0.0,2022-05-13 11:55:04.529279,0.0,0.0
40.41032327876106,-3.6920137221238933,0.0,2022-05-13 11:55:06.281232,0.0,0.0
40.410412230973456,-3.692021546902655,0.0,2022-05-13 11:55:08.033185,0.0,0.0
40.41050118318584,-3.692029371681416,0.0,2022-05-13 11:55:09.785138,0.0,0.0
40.41059013539823,-3.6920371964601766,0.0,2022-05-13 11:55:11.537091,0.0,0.0
40.410679087610625,-3.6920450212389384,0.0,2022-05-13 11:55:13.289044,0.0,0.0
40.41076803982301,-3.692052846017699,0.0,2022-05-13 11:55:15.040997,790.6542143720975,918.1616485939057
40.4108569920354,-3.69206067079646,0.0,2022-05-13 11:55:16.792950,0.0,0.0
40.41094594424779,-3.692068495575221,0.0,2022-05-13 11:55:18.544903,790.6531277253944,918.1606629753085
40.41103489646018,-3.692076320353982,0.0,2022-05-13 11:55:20.296856,0.0,0.0
40.41112384867257,-3.692084145132743,0.0,2022-05-13 11:55:22.048809,790.6520410704501,918.159677348468
40.41121280088496,-3.6920919699115045,0.0,2022-05-13 11:55:23.800762,790.651497739887,918.1591845319562
40.41130175309735,-3.6920997946902654,0.0,2022-05-13 11:55:25.552715,790.6509544072637,918.1586917133833
40.411390705309735,-3.6921076194690263,0.0,2022-05-13 11:55:27.304668,0.0,0.0
40.41147965752213,-3.6921154442477877,0.0,2022-05-13 11:55:29.056621,0.0,0.0
40.411568609734516,-3.6921232690265486,0.0,2022-05-13 11:55:30.808574,0.0,0.0
40.4116575619469,-3.6921310938053096,0.0,2022-05-13 11:55:32.560527,0.0,0.0
40.41174651415929,-3.6921389185840705,0.0,2022-05-13 11:55:34.312480,0.0,0.0
40.411835466371684,-3.692146743362832,0.0,2022-05-13 11:55:36.064433,790.647694368261,931.0894260021806
40.41192441858407,-3.692154568141593,0.0,2022-05-13 11:55:37.816386,790.6471510212154,918.1552419256697
40.41201337079646,-3.6921623929203538,0.0,2022-05-13 11:55:39.568339,0.0,0.0
40.41210232300885,-3.692170217699115,0.0,2022-05-13 11:55:41.320292,0.0,0.0
40.41219127522124,-3.692178042477876,0.0,2022-05-13 11:55:43.072245,0.0,0.0
40.41228022743363,-3.692185867256637,0.0,2022-05-13 11:55:44.824198,0.0,0.0
40.41236917964602,-3.6921936920353984,0.0,2022-05-13 11:55:46.576151,0.0,0.0
40.41245813185841,-3.6922015168141593,0.0,2022-05-13 11:55:48.328104,790.6438908956817,918.1522848843979
40.412547084070795,-3.69220934159292,0.0,2022-05-13 11:55:50.080057,790.6433475342144,931.0877869903721
40.41263603628319,-3.6922171663716816,0.0,2022-05-13 11:55:51.832010,790.6428041706879,931.0875821032191
40.412724988495576,-3.6922249911504426,0.0,2022-05-13 11:55:53.583963,790.6422608051001,918.1508063359393
40.41281394070796,-3.692232815929203,0.0,2022-05-13 11:55:55.335916,790.6417174374532,918.1503134823317
40.41290289292036,-3.692240640707965,0.0,2022-05-13 11:55:57.087869,790.6411740677456,918.1498206266632
40.412991845132744,-3.6922484654867254,0.0,2022-05-13 11:55:58.839822,0.0,0.0
40.41308079734513,-3.6922562902654863,0.0,2022-05-13 11:56:00.591775,0.0,0.0
40.413169749557525,-3.692264115044248,0.0,2022-05-13 11:56:02.343728,0.0,0.0
40.41325870176991,-3.6922719398230086,0.0,2022-05-13 11:56:04.095681,0.0,0.0
40.4133476539823,-3.6922797646017695,0.0,2022-05-13 11:56:05.847634,0.0,0.0
40.41343660619469,-3.692287589380531,0.0,2022-05-13 11:56:07.599587,0.0,0.0
40.41352555840708,-3.692295414159292,0.0,2022-05-13 11:56:09.351540,0.0,0.0
40.41361451061947,-3.692303238938053,0.0,2022-05-13 11:56:11.103493,792.639665021448,918.8823433934778
40.41370346283186,-3.692311063716814,0.0,2022-05-13 11:56:12.855446,792.6391193718121,918.8818487593799
40.41379241504425,-3.692318888495575,0.0,2022-05-13 11:56:14.607399,792.6385737201108,918.8813541232167
40.413881367256636,-3.692326713274336,0.0,2022-05-13 11:56:16.359352,792.6380280663421,918.8808594849879
40.41397031946903,-3.6923345380530974,0.0,2022-05-13 11:56:18.111305,792.6374824105078,918.8803648446939
40.41405927168142,-3.6923423628318583,0.0,2022-05-13 11:56:19.863258,792.6369367526065,918.8798702023339
40.414148223893804,-3.6923501876106193,0.0,2022-05-13 11:56:21.615211,792.6363910926399,918.8793755579088
40.4142371761062,-3.6923580123893807,0.0,2022-05-13 11:56:23.367164,0.0,0.0
40.414326128318585,-3.6923658371681416,0.0,2022-05-13 11:56:25.119117,0.0,0.0
40.41441508053097,-3.6923736619469025,0.0,2022-05-13 11:56:26.871070,0.0,0.0
40.414504032743366,-3.692381486725664,0.0,2022-05-13 11:56:28.623023,792.6342084321093,918.8773969595538
40.41459298495575,-3.692389311504425,0.0,2022-05-13 11:56:30.374976,0.0,0.0
40.41468193716814,-3.6923971362831858,0.0,2022-05-13 11:56:32.126929,0.0,0.0
40.414770889380534,-3.692404961061947,0.0,2022-05-13 11:56:33.878882,0.0,0.0
40.41485984159292,-3.692412785840708,0.0,2022-05-13 11:56:35.630835,792.6320257385185,918.8754183281509
40.41494879380531,-3.692420610619469,0.0,2022-05-13 11:56:37.382788,792.6314800599552,918.8749236651367
40.4150377460177,-3.6924284353982304,0.0,2022-05-13 11:56:39.134741,792.6309343793257,918.8744290000569
40.41512669823009,-3.6924362601769913,0.0,2022-05-13 11:56:40.886694,0.0,0.0
40.41521565044248,-3.692444084955752,0.0,2022-05-13 11:56:42.638647,792.6298430118671,918.8734396637007
40.41530460265487,-3.6924519097345136,0.0,2022-05-13 11:56:44.390600,0.0,0.0
40.41539355486726,-3.6924597345132746,0.0,2022-05-13 11:56:46.142553,0.0,0.0
40.415482507079645,-3.692467559292035,0.0,2022-05-13 11:56:47.894506,0.0,0.0
40.41557145929204,-3.692475384070797,0.0,2022-05-13 11:56:49.646459,0.0,0.0
40.415660411504426,-3.6924832088495574,0.0,2022-05-13 11:56:51.398412,792.6271145570627,918.8709662866648
40.41574936371681,-3.6924910336283183,0.0,2022-05-13 11:56:53.150365,792.626568859903,932.554252514561
40.41583831592921,-3.69249885840708,0.0,2022-05-13 11:56:54.902318,792.6260231606774,932.5540465603694
40.415927268141594,-3.6925066831858406,0.0,2022-05-13 11:56:56.654271,792.6254774593856,932.5538406037989
40.41601622035398,-3.6925145079646016,0.0,2022-05-13 11:56:58.406224,792.6249317560266,918.8689875478581
40.416105172566375,-3.692522332743363,0.0,2022-05-13 11:57:00.158177,794.6141467215654,919.5867844047821
40.41619412477876,-3.692530157522124,0.0,2022-05-13 11:57:01.910130,794.6135987712016,934.0083113648762
40.41628307699115,-3.692537982300885,0.0,2022-05-13 11:57:03.662083,794.613050818766,919.5857915341946
40.41637202920354,-3.692545807079646,0.0,2022-05-13 11:57:05.414036,794.6125028642575,934.0078974928623
40.41646098141593,-3.692553631858407,0.0,2022-05-13 11:57:07.165989,794.611954907678,919.584798655327
40.41654993362832,-3.692561456637168,0.0,2022-05-13 11:57:08.917942,794.6114069490246,934.0074836113083
40.41663888584071,-3.6925692814159294,0.0,2022-05-13 11:57:10.669895,794.6108589883002,934.0072766669537
40.4167278380531,-3.6925771061946904,0.0,2022-05-13 11:57:12.421848,794.6103110255037,919.5833093215006
40.416816790265486,-3.6925849309734513,0.0,2022-05-13 11:57:14.173801,794.6097630606339,919.5828128727512
40.41690574247787,-3.6925927557522122,0.0,2022-05-13 11:57:15.925754,794.6092150936925,919.5823164219324
40.41699469469027,-3.6926005805309736,0.0,2022-05-13 11:57:17.677707,794.6086671246786,919.5818199690434
40.417083646902654,-3.6926084053097346,0.0,2022-05-13 11:57:19.429660,794.608119153593,919.5813235140845
40.41717259911504,-3.6926162300884955,0.0,2022-05-13 11:57:21.181613,794.6075711804343,934.0060349507374
40.417261551327435,-3.692624054867257,0.0,2022-05-13 11:57:22.933566,794.6070232052041,934.005827989687
40.41735050353982,-3.692631879646018,0.0,2022-05-13 11:57:24.685519,794.6064752279018,934.0056210262517
40.41743945575221,-3.6926397044247787,0.0,2022-05-13 11:57:26.437472,794.6059272485265,919.5793376735484
40.4175284079646,-3.69264752920354,0.0,2022-05-13 11:57:28.189425,0.0,0.0
40.41761736017699,-3.692655353982301,0.0,2022-05-13 11:57:29.941378,0.0,0.0
40.41770631238938,-3.6926631787610615,0.0,2022-05-13 11:57:31.693331,794.6042832979687,919.5778482714113
40.41779526460177,-3.6926710035398234,0.0,2022-05-13 11:57:33.445284,0.0,0.0
40.41788421681416,-3.692678828318584,0.0,2022-05-13 11:57:35.197237,0.0,0.0
40.417973169026546,-3.692686653097345,0.0,2022-05-13 11:57:36.949190,0.0,0.0
40.41806212123894,-3.6926944778761066,0.0,2022-05-13 11:57:38.701143,0.0,0.0
40.41815107345133,-3.692702302654867,0.0,2022-05-13 11:57:40.453096,794.6015433389279,934.0037582479986
40.418240025663714,-3.692710127433628,0.0,2022-05-13 11:57:42.205049,794.6009953409025,934.0035512607112
40.41832897787611,-3.6927179522123894,0.0,2022-05-13 11:57:43.957002,794.6004473408062,919.5743729273079
40.418417930088495,-3.6927257769911503,0.0,2022-05-13 11:57:45.708955,794.5998993386373,919.5738764412991
40.41850688230088,-3.6927336017699113,0.0,2022-05-13 11:57:47.460908,0.0,0.0
40.418595834513276,-3.6927414265486727,0.0,2022-05-13 11:57:49.212861,0.0,0.0
40.41868478672566,-3.6927492513274336,0.0,2022-05-13 11:57:50.964814,794.598255319696,934.0025162884992
40.41877373893805,-3.6927570761061945,0.0,2022-05-13 11:57:52.716767,794.597707309238,919.5718904765627
40.418862691150444,-3.692764900884956,0.0,2022-05-13 11:57:54.468720,794.5971592967073,934.002102282918
40.41895164336283,-3.692772725663717,0.0,2022-05-13 11:57:56.220673,0.0,0.0
40.41904059557522,-3.6927805504424778,0.0,2022-05-13 11:57:57.972626,794.5960632654309,919.5704009812757
40.41912954778761,-3.692788375221239,0.0,2022-05-13 11:57:59.724579,0.0,0.0
40.4192185,-3.6927962,0.0,2022-05-13 11:58:01.476532,796.5715953771382,920.2695246147626
40.4192185,-3.6927962,0.0,2022-05-13 11:58:03.228485,796.5715953771382,920.2695246147626
40.41933946666666,-3.6927720000000006,0.0,2022-05-13 11:58:04.980438,796.5711214527156,920.2689432082442
40.419460433333334,-3.6927477999999994,0.0,2022-05-13 11:58:06.732391,796.5706475233551,920.268361796886
40.4195814,-3.6927236,0.0,2022-05-13 11:58:08.484344,796.5701735890552,920.2677803806869
40.4195814,-3.6927236,0.0,2022-05-13 11:58:10.236297,796.5701735890552,920.2677803806869
40.419668145762714,-3.69268504237288,0.0,2022-05-13 11:58:11.988250,0.0,0.0
40.41975489152542,-3.692646484745763,0.0,2022-05-13 11:58:13.740203,796.5698277999986,920.2670635176926
40.41984163728814,-3.692607927118643,0.0,2022-05-13 11:58:15.492156,796.5696549006359,920.2667050813791
40.419928383050845,-3.6925693694915256,0.0,2022-05-13 11:58:17.244109,796.5694819980499,920.2663466418549
40.42001512881356,-3.6925308118644056,0.0,2022-05-13 11:58:18.996062,796.5693090922417,920.2659881991201
40.42010187457627,-3.6924922542372887,0.0,2022-05-13 11:58:20.748015,0.0,0.0
40.42018862033898,-3.6924536966101686,0.0,2022-05-13 11:58:22.499968,796.5689632709547,920.2652713040183
40.42027536610169,-3.6924151389830517,0.0,2022-05-13 11:58:24.251921,796.5687903554759,920.2649128516508
40.42036211186441,-3.6923765813559317,0.0,2022-05-13 11:58:26.003874,0.0,0.0
40.420448857627115,-3.692338023728815,0.0,2022-05-13 11:58:27.755827,0.0,0.0
40.42053560338983,-3.6922994661016943,0.0,2022-05-13 11:58:29.507780,0.0,0.0
40.420622349152545,-3.6922609084745743,0.0,2022-05-13 11:58:31.259733,796.5680986613341,935.4380380820202
40.42070909491525,-3.6922223508474574,0.0,2022-05-13 11:58:33.011686,0.0,0.0
40.42079584067797,-3.6921837932203374,0.0,2022-05-13 11:58:34.763639,0.0,0.0
40.420882586440676,-3.6921452355932205,0.0,2022-05-13 11:58:36.515592,0.0,0.0
40.42096933220339,-3.6921066779661005,0.0,2022-05-13 11:58:38.267545,0.0,0.0
40.4210560779661,-3.692068120338983,0.0,2022-05-13 11:58:40.019498,0.0,0.0
40.421142823728815,-3.692029562711863,0.0,2022-05-13 11:58:41.771451,0.0,0.0
40.42122956949152,-3.691991005084746,0.0,2022-05-13 11:58:43.523404,0.0,0.0
40.42131631525424,-3.691952447457626,0.0,2022-05-13 11:58:45.275357,796.5667151183422,920.2606111728073
40.421403061016946,-3.6919138898305093,0.0,2022-05-13 11:58:47.027310,796.566542160965,920.2602526787007
40.42148980677966,-3.6918753322033893,0.0,2022-05-13 11:58:48.779263,0.0,0.0
40.42157655254237,-3.6918367745762724,0.0,2022-05-13 11:58:50.531216,796.5661962365406,920.2595356808548
40.421663298305084,-3.691798216949152,0.0,2022-05-13 11:58:52.283169,0.0,0.0
40.4217500440678,-3.691759659322032,0.0,2022-05-13 11:58:54.035122,0.0,0.0
40.42183678983051,-3.691721101694915,0.0,2022-05-13 11:58:55.787075,0.0,0.0
40.42192353559322,-3.691682544067795,0.0,2022-05-13 11:58:57.539028,0.0,0.0
40.42201028135593,-3.691643986440678,0.0,2022-05-13 11:58:59.290981,0.0,0.0
40.422097027118646,-3.691605428813558,0.0,2022-05-13 11:59:01.042934,0.0,0.0
40.422183772881354,-3.6915668711864407,0.0,2022-05-13 11:59:02.794887,0.0,0.0
40.42227051864407,-3.6915283135593207,0.0,2022-05-13 11:59:04.546840,798.5281912020107,920.938511455427
40.42235726440678,-3.6914897559322037,0.0,2022-05-13 11:59:06.298793,798.52801363571,920.9381479179585
40.42244401016949,-3.6914511983050837,0.0,2022-05-13 11:59:08.050746,798.5278360661861,920.9377843772818
40.4225307559322,-3.691412640677967,0.0,2022-05-13 11:59:09.802699,0.0,0.0
40.422617501694916,-3.691374083050847,0.0,2022-05-13 11:59:11.554652,798.5274809174678,936.8567694668551
40.42270424745763,-3.6913355254237263,0.0,2022-05-13 11:59:13.306605,798.5273033382737,920.936693736001
40.42279099322034,-3.6912969677966094,0.0,2022-05-13 11:59:15.058558,0.0,0.0
40.422877738983054,-3.6912584101694894,0.0,2022-05-13 11:59:16.810511,798.5269481702162,936.8569380061717
40.42296448474576,-3.6912198525423725,0.0,2022-05-13 11:59:18.562464,798.5267705813523,936.8569941794215
40.42305123050848,-3.6911812949152525,0.0,2022-05-13 11:59:20.314417,798.5265929892655,920.9352395027115
40.423137976271185,-3.6911427372881356,0.0,2022-05-13 11:59:22.066370,798.5264153939545,920.9348759363683
40.4232247220339,-3.6911041796610156,0.0,2022-05-13 11:59:23.818323,798.5262377954211,936.8571626796042
40.42331146779661,-3.691065622033898,0.0,2022-05-13 11:59:25.570276,798.5260601936641,936.8572188398093
40.423398213559324,-3.691027064406778,0.0,2022-05-13 11:59:27.322229,798.5258825886838,920.9337852180893
40.42348495932203,-3.6909885067796613,0.0,2022-05-13 11:59:29.074182,0.0,0.0
40.42357170508475,-3.6909499491525413,0.0,2022-05-13 11:59:30.826135,0.0,0.0
40.423658450847455,-3.6909113915254244,0.0,2022-05-13 11:59:32.578088,798.5253497544028,920.9326944709359
40.42374519661017,-3.6908728338983043,0.0,2022-05-13 11:59:34.330041,798.5251721365286,920.9323308821344
40.423831942372885,-3.690834276271184,0.0,2022-05-13 11:59:36.081994,798.5249945154322,920.9319672901252
40.42391868813559,-3.690795718644067,0.0,2022-05-13 11:59:37.833947,0.0,0.0
40.42400543389831,-3.690757161016947,0.0,2022-05-13 11:59:39.585900,798.5246392635685,920.9312400964818
40.42409217966102,-3.69071860338983,0.0,2022-05-13 11:59:41.337853,0.0,0.0
40.42417892542373,-3.69068004576271,0.0,2022-05-13 11:59:43.089806,0.0,0.0
40.42426567118644,-3.690641488135593,0.0,2022-05-13 11:59:44.841759,798.5241063615975,920.9301492819542
40.424352416949155,-3.690602930508473,0.0,2022-05-13 11:59:46.593712,798.5239287211617,920.9297856706955
40.42443916271186,-3.6905643728813557,0.0,2022-05-13 11:59:48.345665,798.5237510775012,936.8579486257097
40.42452590847458,-3.6905258152542357,0.0,2022-05-13 11:59:50.097618,798.5235734306183,920.9290584385527
40.424612654237286,-3.690487257627119,0.0,2022-05-13 11:59:51.849571,798.523395780511,920.9286948176687
40.4246994,-3.690448699999999,0.0,2022-05-13 11:59:53.601524,798.5232181271812,920.9283311935768
40.4246994,-3.690448699999999,0.0,2022-05-13 11:59:55.353477,798.5232181271812,920.9283311935768
40.42479581111111,-3.690431855555555,0.0,2022-05-13 11:59:57.105430,798.5228172548262,920.9278571935804
40.424892222222226,-3.6904150111111096,0.0,2022-05-13 11:59:58.857383,798.5224163794043,920.9273831905823
40.424988633333335,-3.690398166666666,0.0,2022-05-13 12:00:00.609336,800.472119995612,921.5905098971596
40.425085044444444,-3.690381322222222,0.0,2022-05-13 12:00:02.361289,800.4717154114585,921.590032225065
40.42518145555556,-3.6903644777777767,0.0,2022-05-13 12:00:04.113242,800.4713108242363,921.5895545499677
40.42527786666667,-3.690347633333333,0.0,2022-05-13 12:00:05.865195,800.4709062339435,921.5890768718672
40.42537427777778,-3.690330788888889,0.0,2022-05-13 12:00:07.617148,800.4705016405819,921.5885991907635
40.42547068888889,-3.6903139444444437,0.0,2022-05-13 12:00:09.369101,800.4700970441507,921.5881215066566
40.4255671,-3.6902971,0.0,2022-05-13 12:00:11.121054,800.4696924446494,921.5876438195461
40.4255671,-3.6902971,0.0,2022-05-13 12:00:12.873007,800.4696924446494,921.5876438195461
40.42565691037736,-3.69028078490566,0.0,2022-05-13 12:00:14.624960,800.469320389699,921.5872004647853
40.42574672075472,-3.6902644698113214,0.0,2022-05-13 12:00:16.376913,800.4689483320659,921.5867571074003
40.42583653113208,-3.690248154716981,0.0,2022-05-13 12:00:18.128866,800.4685762717528,921.5863137473928
40.42592634150944,-3.690231839622641,0.0,2022-05-13 12:00:19.880819,800.4682042087591,921.5858703847622
40.42601615188679,-3.6902155245283024,0.0,2022-05-13 12:00:21.632772,800.4678321430838,938.2553734824442
40.42610596226415,-3.6901992094339624,0.0,2022-05-13 12:00:23.384725,800.4674600747278,921.5849836516308
40.42619577264151,-3.6901828943396224,0.0,2022-05-13 12:00:25.136678,0.0,0.0
40.42628558301887,-3.690166579245284,0.0,2022-05-13 12:00:26.888631,800.4667159299734,938.2551407173398
40.42637539339623,-3.6901502641509434,0.0,2022-05-13 12:00:28.640584,0.0,0.0
40.42646520377359,-3.6901339490566034,0.0,2022-05-13 12:00:30.392537,0.0,0.0
40.42655501415094,-3.6901176339622648,0.0,2022-05-13 12:00:32.144490,0.0,0.0
40.4266448245283,-3.690101318867925,0.0,2022-05-13 12:00:33.896443,0.0,0.0
40.426734634905664,-3.690085003773585,0.0,2022-05-13 12:00:35.648396,0.0,0.0
40.426824445283025,-3.690068688679245,0.0,2022-05-13 12:00:37.400349,0.0,0.0
40.42691425566038,-3.690052373584906,0.0,2022-05-13 12:00:39.152302,0.0,0.0
40.42700406603774,-3.690036058490566,0.0,2022-05-13 12:00:40.904255,0.0,0.0
40.4270938764151,-3.690019743396226,0.0,2022-05-13 12:00:42.656208,800.4633671458716,938.2544422703716
40.42718368679245,-3.690003428301887,0.0,2022-05-13 12:00:44.408161,0.0,0.0
40.427273497169814,-3.6899871132075472,0.0,2022-05-13 12:00:46.160114,0.0,0.0
40.427363307547175,-3.689970798113207,0.0,2022-05-13 12:00:47.912067,800.4622508362476,921.5787762259209
40.42745311792453,-3.689954483018868,0.0,2022-05-13 12:00:49.664020,800.4618787276775,921.5783328186965
40.42754292830189,-3.6899381679245282,0.0,2022-05-13 12:00:51.415973,0.0,0.0
40.42763273867925,-3.6899218528301883,0.0,2022-05-13 12:00:53.167926,0.0,0.0
40.427722549056604,-3.6899055377358496,0.0,2022-05-13 12:00:54.919879,800.4607623858832,921.5770025812849
40.427812359433965,-3.6898892226415096,0.0,2022-05-13 12:00:56.671832,800.4603902665891,921.5765591635677
40.427902169811325,-3.6898729075471692,0.0,2022-05-13 12:00:58.423785,800.4600181446149,921.576115743228
40.42799198018868,-3.6898565924528306,0.0,2022-05-13 12:01:00.175738,0.0,0.0
40.42808179056604,-3.6898402773584906,0.0,2022-05-13 12:01:01.927691,0.0,0.0
40.4281716009434,-3.6898239622641507,0.0,2022-05-13 12:01:03.679644,0.0,0.0
40.428261411320754,-3.689807647169812,0.0,2022-05-13 12:01:05.431597,0.0,0.0
40.428351221698115,-3.6897913320754716,0.0,2022-05-13 12:01:07.183550,0.0,0.0
40.428441032075476,-3.6897750169811316,0.0,2022-05-13 12:01:08.935503,802.3945832254769,922.218843440449
40.42853084245283,-3.689758701886793,0.0,2022-05-13 12:01:10.687456,802.3942076179134,922.2183965632456
40.42862065283019,-3.689742386792453,0.0,2022-05-13 12:01:12.439409,802.393832007665,922.2179496834175
40.42871046320755,-3.689726071698113,0.0,2022-05-13 12:01:14.191362,802.3934563947333,922.2175028009653
40.428800273584905,-3.6897097566037744,0.0,2022-05-13 12:01:15.943315,802.3930807791182,939.6324476588625
40.428890083962266,-3.689693441509434,0.0,2022-05-13 12:01:17.695268,802.3927051608191,939.6323672360609
40.428979894339626,-3.689677126415094,0.0,2022-05-13 12:01:19.447221,802.392329539837,939.6322868104476
40.42906970471698,-3.6896608113207554,0.0,2022-05-13 12:01:21.199174,802.3919539161711,939.6322063820221
40.42915951509434,-3.6896444962264154,0.0,2022-05-13 12:01:22.951127,802.3915782898205,922.2152683493433
40.4292493254717,-3.6896281811320755,0.0,2022-05-13 12:01:24.703080,802.3912026607877,939.6320455167333
40.42933913584906,-3.6896118660377355,0.0,2022-05-13 12:01:26.455033,802.3908270290704,922.2143745503259
40.429428946226416,-3.6895955509433964,0.0,2022-05-13 12:01:28.206986,802.3904513946699,922.213927646881
40.42951875660378,-3.6895792358490564,0.0,2022-05-13 12:01:29.958939,802.3900757575855,922.213480740812
40.42960856698114,-3.6895629207547165,0.0,2022-05-13 12:01:31.710892,0.0,0.0
40.42969837735849,-3.689546605660378,0.0,2022-05-13 12:01:33.462845,0.0,0.0
40.42978818773585,-3.689530290566038,0.0,2022-05-13 12:01:35.214798,0.0,0.0
40.42987799811321,-3.6895139754716975,0.0,2022-05-13 12:01:36.966751,802.3885731824133,922.2116930902951
40.42996780849057,-3.689497660377359,0.0,2022-05-13 12:01:38.718704,802.3881975319116,922.2112461711056
40.43005761886793,-3.689481345283019,0.0,2022-05-13 12:01:40.470657,802.3878218787262,922.2107992492922
40.43014742924529,-3.689465030188679,0.0,2022-05-13 12:01:42.222610,802.3874462228565,922.2103523248543
40.43023723962264,-3.6894487150943402,0.0,2022-05-13 12:01:43.974563,802.3870705643037,922.2099053977927
40.43032705,-3.6894324000000003,0.0,2022-05-13 12:01:45.726516,802.386694903067,922.2094584681064
40.43041686037736,-3.68941608490566,0.0,2022-05-13 12:01:47.478469,802.3863192391473,922.2090115357965
40.43050667075472,-3.6893997698113212,0.0,2022-05-13 12:01:49.230422,802.3859435725434,922.2085646008625
40.43059648113208,-3.6893834547169813,0.0,2022-05-13 12:01:50.982375,0.0,0.0
40.43068629150944,-3.6893671396226413,0.0,2022-05-13 12:01:52.734328,0.0,0.0
40.43077610188679,-3.6893508245283027,0.0,2022-05-13 12:01:54.486281,0.0,0.0
40.43086591226415,-3.6893345094339622,0.0,2022-05-13 12:01:56.238234,802.3844408792933,922.206776834885
40.430955722641514,-3.6893181943396223,0.0,2022-05-13 12:01:57.990187,802.3840651992712,922.2063298868303
40.43104553301887,-3.6893018792452836,0.0,2022-05-13 12:01:59.742140,0.0,0.0
40.43113534339623,-3.6892855641509437,0.0,2022-05-13 12:02:01.494093,804.3067956457063,922.8326529400179
40.43122515377359,-3.6892692490566037,0.0,2022-05-13 12:02:03.246046,804.3064165060082,922.8322025645614
40.43131496415094,-3.6892529339622646,0.0,2022-05-13 12:02:04.997999,804.3060373636235,922.8317521864799
40.4314047745283,-3.6892366188679246,0.0,2022-05-13 12:02:06.749952,0.0,0.0
40.431494584905664,-3.6892203037735847,0.0,2022-05-13 12:02:08.501905,0.0,0.0
40.431584395283025,-3.6892039886792447,0.0,2022-05-13 12:02:10.253858,0.0,0.0
40.43167420566038,-3.689187673584906,0.0,2022-05-13 12:02:12.005811,804.3045207672227,922.8299506479033
40.43176401603774,-3.689171358490566,0.0,2022-05-13 12:02:13.757764,804.3041416114069,922.8295002566967
40.4318538264151,-3.6891550433962257,0.0,2022-05-13 12:02:15.509717,0.0,0.0
40.431943636792454,-3.689138728301887,0.0,2022-05-13 12:02:17.261670,0.0,0.0
40.432033447169815,-3.689122413207547,0.0,2022-05-13 12:02:19.013623,804.3030041278419,940.9900944013044
40.432123257547175,-3.689106098113207,0.0,2022-05-13 12:02:20.765576,804.302624961281,940.9900111383314
40.43221306792453,-3.6890897830188685,0.0,2022-05-13 12:02:22.517529,804.3022457920342,940.9899278725426
40.43230287830189,-3.6890734679245285,0.0,2022-05-13 12:02:24.269482,804.3018666201009,940.9898446039374
40.43239268867925,-3.689057152830188,0.0,2022-05-13 12:02:26.021435,804.3014874454814,922.8263474447489
40.432482499056604,-3.6890408377358495,0.0,2022-05-13 12:02:27.773388,804.3011082681757,940.9896780582793
40.432572309433965,-3.6890245226415095,0.0,2022-05-13 12:02:29.525341,804.3007290881833,940.9895947812258
40.432662119811326,-3.6890082075471695,0.0,2022-05-13 12:02:31.277294,804.3003499055055,922.8249962002529
40.43275193018868,-3.688991892452831,0.0,2022-05-13 12:02:33.029247,804.2999707201408,922.8245457801709
40.43284174056604,-3.6889755773584905,0.0,2022-05-13 12:02:34.781200,804.2995915320906,922.8240953574639
40.4329315509434,-3.6889592622641505,0.0,2022-05-13 12:02:36.533153,804.2992123413535,922.8236449321319
40.433021361320755,-3.688942947169812,0.0,2022-05-13 12:02:38.285106,0.0,0.0
40.433111171698116,-3.688926632075472,0.0,2022-05-13 12:02:40.037059,804.298453951821,940.9890950597727
40.433200982075476,-3.688910316981132,0.0,2022-05-13 12:02:41.789012,804.2980747530258,922.8222936403856
40.43329079245283,-3.6888940018867933,0.0,2022-05-13 12:02:43.540965,0.0,0.0
40.43338060283019,-3.688877686792453,0.0,2022-05-13 12:02:45.292918,804.297316347376,940.9888451610304
40.43347041320755,-3.688861371698113,0.0,2022-05-13 12:02:47.044871,0.0,0.0
40.433560223584905,-3.6888450566037743,0.0,2022-05-13 12:02:48.796824,804.2965579309814,940.9886785477887
40.433650033962266,-3.6888287415094343,0.0,2022-05-13 12:02:50.548777,804.2961787187545,940.9885952369439
40.43373984433963,-3.6888124264150943,0.0,2022-05-13 12:02:52.300730,804.295799503842,940.9885119232833
40.43382965471698,-3.6887961113207552,0.0,2022-05-13 12:02:54.052683,804.2954202862425,922.8191405344352
40.43391946509434,-3.6887797962264153,0.0,2022-05-13 12:02:55.804636,804.2950410659573,922.8186900802282
40.4340092754717,-3.6887634811320753,0.0,2022-05-13 12:02:57.556589,0.0,0.0
40.43409908584906,-3.6887471660377353,0.0,2022-05-13 12:02:59.308542,0.0,0.0
40.434188896226416,-3.6887308509433967,0.0,2022-05-13 12:03:01.060495,806.2040171025715,942.3297186828081
40.43427870660378,-3.6887145358490567,0.0,2022-05-13 12:03:02.812448,806.2036344351767,923.4259293059046
40.43436851698114,-3.6886982207547163,0.0,2022-05-13 12:03:04.564401,806.2032517650932,923.4254754380441
40.43445832735849,-3.6886819056603777,0.0,2022-05-13 12:03:06.316354,806.202869092321,942.3294604998763
40.43454813773585,-3.6886655905660377,0.0,2022-05-13 12:03:08.068307,806.2024864168595,923.4245676944456
40.43463794811321,-3.6886492754716977,0.0,2022-05-13 12:03:09.820260,806.2021037387098,923.4241138187076
40.43472775849057,-3.688632960377359,0.0,2022-05-13 12:03:11.572213,806.2017210578706,923.4236599403436
40.43481756886793,-3.688616645283019,0.0,2022-05-13 12:03:13.324166,806.2013383743428,923.4232060593536
40.43490737924529,-3.6886003301886787,0.0,2022-05-13 12:03:15.076119,0.0,0.0
40.43499718962264,-3.68858401509434,0.0,2022-05-13 12:03:16.828072,806.200572999221,942.3289440578815
40.435087,-3.6885677,0.0,2022-05-13 12:03:18.580025,0.0,0.0
40.435087,-3.6885677,0.0,2022-05-13 12:03:20.331978,0.0,0.0
40.43517056181818,-3.6886154563636353,0.0,2022-05-13 12:03:22.083931,0.0,0.0
40.43525412363637,-3.6886632127272745,0.0,2022-05-13 12:03:23.835884,0.0,0.0
40.43533768545455,-3.6887109690909097,0.0,2022-05-13 12:03:25.587837,806.1976856169647,923.4201252265073
40.43542124727273,-3.6887587254545444,0.0,2022-05-13 12:03:27.339790,806.1968507169541,923.4195521648148
40.435504809090915,-3.6888064818181836,0.0,2022-05-13 12:03:29.091743,806.1960158153834,923.4189791012972
40.435588370909095,-3.688854238181819,0.0,2022-05-13 12:03:30.843696,806.1951809122504,923.418406035953
40.435671932727274,-3.688901994545454,0.0,2022-05-13 12:03:32.595649,806.1943460075569,923.4178329687833
40.435755494545454,-3.688949750909089,0.0,2022-05-13 12:03:34.347602,806.1935111013022,923.4172598997881
40.43583905636364,-3.6889975072727283,0.0,2022-05-13 12:03:36.099555,806.1926761934858,942.3251200417926
40.43592261818182,-3.6890452636363635,0.0,2022-05-13 12:03:37.851508,806.191841284108,923.416113756319
40.43600618,-3.6890930199999983,0.0,2022-05-13 12:03:39.603461,806.1910063731691,923.4155406818456
40.436089741818186,-3.6891407763636375,0.0,2022-05-13 12:03:41.355414,0.0,0.0
40.436173303636366,-3.6891885327272727,0.0,2022-05-13 12:03:43.107367,0.0,0.0
40.436256865454546,-3.689236289090908,0.0,2022-05-13 12:03:44.859320,0.0,0.0
40.43634042727273,-3.689284045454547,0.0,2022-05-13 12:03:46.611273,806.187666713801,923.4132483656941
40.43642398909091,-3.689331801818182,0.0,2022-05-13 12:03:48.363226,806.1868317950558,923.4126752820918
40.43650755090909,-3.689379558181817,0.0,2022-05-13 12:03:50.115179,806.1859968747501,923.4121021966636
40.43659111272728,-3.689427314545456,0.0,2022-05-13 12:03:51.867132,806.1851619528827,923.4115291094095
40.43667467454546,-3.6894750709090913,0.0,2022-05-13 12:03:53.619085,806.1843270294536,923.4109560203293
40.43675823636364,-3.6895228272727265,0.0,2022-05-13 12:03:55.371038,806.183492104464,923.4103829294238
40.43684179818182,-3.6895705836363617,0.0,2022-05-13 12:03:57.122991,806.1826571779127,923.4098098366919
40.436925360000004,-3.689618340000001,0.0,2022-05-13 12:03:58.874944,806.1818222498008,923.4092367421347
40.43700892181818,-3.689666096363636,0.0,2022-05-13 12:04:00.626897,808.0777809825165,923.9996616382598
40.43709248363636,-3.689713852727271,0.0,2022-05-13 12:04:02.378850,808.0769462180195,923.9990899344261
40.43717604545455,-3.68976160909091,0.0,2022-05-13 12:04:04.130803,808.0761114519497,923.9985182287577
40.43725960727273,-3.689809365454545,0.0,2022-05-13 12:04:05.882756,808.0752766843068,923.9979465212548
40.43734316909091,-3.6898571218181804,0.0,2022-05-13 12:04:07.634709,808.0744419150909,923.9973748119168
40.437426730909095,-3.6899048781818196,0.0,2022-05-13 12:04:09.386662,808.0736071443014,923.9968031007439
40.437510292727275,-3.6899526345454547,0.0,2022-05-13 12:04:11.138615,808.0727723719394,923.9962313877365
40.437593854545455,-3.69000039090909,0.0,2022-05-13 12:04:12.890568,0.0,0.0
40.43767741636364,-3.690048147272729,0.0,2022-05-13 12:04:14.642521,0.0,0.0
40.43776097818182,-3.690095903636364,0.0,2022-05-13 12:04:16.394474,0.0,0.0
40.43784454,-3.690143659999999,0.0,2022-05-13 12:04:18.146427,0.0,0.0
40.43792810181819,-3.6901914163636382,0.0,2022-05-13 12:04:19.898380,0.0,0.0
40.43801166363637,-3.6902391727272734,0.0,2022-05-13 12:04:21.650333,808.0677637047328,923.9928010711632
40.438095225454546,-3.6902869290909086,0.0,2022-05-13 12:04:23.402286,0.0,0.0
40.438178787272726,-3.690334685454544,0.0,2022-05-13 12:04:25.154239,808.0660941364125,923.9916576176274
40.43826234909091,-3.690382441818183,0.0,2022-05-13 12:04:26.906192,0.0,0.0
40.43834591090909,-3.6904301981818177,0.0,2022-05-13 12:04:28.658145,0.0,0.0
40.43842947272727,-3.690477954545453,0.0,2022-05-13 12:04:30.410098,808.0635897721353,923.9899424235641
40.43851303454546,-3.690525710909092,0.0,2022-05-13 12:04:32.162051,808.0627549808972,923.9893706885404
40.43859659636364,-3.6905734672727273,0.0,2022-05-13 12:04:33.914004,808.0619201880855,943.634231012996
40.43868015818182,-3.6906212236363625,0.0,2022-05-13 12:04:35.665957,808.0610853937006,943.6338178221253
40.438763720000004,-3.6906689800000017,0.0,2022-05-13 12:04:37.417910,0.0,0.0
40.438847281818184,-3.6907167363636364,0.0,2022-05-13 12:04:39.169863,808.0594158002132,923.987083730098
40.43893084363636,-3.6907644927272716,0.0,2022-05-13 12:04:40.921816,808.0585810011097,923.9865119859005
40.43901440545455,-3.6908122490909108,0.0,2022-05-13 12:04:42.673769,808.0577462004335,923.9859402398688
40.43909796727273,-3.690860005454546,0.0,2022-05-13 12:04:44.425722,808.056911398184,923.9853684920022
40.43918152909091,-3.690907761818181,0.0,2022-05-13 12:04:46.177675,808.0560765943618,923.984796742301
40.43926509090909,-3.6909555181818163,0.0,2022-05-13 12:04:47.929628,808.055241788967,923.9842249907651
40.439348652727276,-3.6910032745454555,0.0,2022-05-13 12:04:49.681581,808.0544069819988,943.6305122098986
40.439432214545455,-3.6910510309090903,0.0,2022-05-13 12:04:51.433534,808.0535721734574,923.9830814821894
40.439515776363635,-3.6910987872727254,0.0,2022-05-13 12:04:53.185487,808.0527373633437,923.9825097251498
40.43959933818182,-3.6911465436363646,0.0,2022-05-13 12:04:54.937440,808.0519025516564,923.9819379662754
40.4396829,-3.6911943,0.0,2022-05-13 12:04:56.689393,808.0510677383965,923.981366205566
40.4396829,-3.6911943,0.0,2022-05-13 12:04:58.441346,808.0510677383965,923.981366205566
40.439827300000005,-3.6910790499999973,0.0,2022-05-13 12:05:00.193299,0.0,0.0
40.4399717,-3.6909638,0.0,2022-05-13 12:05:01.945252,0.0,0.0
40.4399717,-3.6909638,0.0,2022-05-13 12:05:03.697205,0.0,0.0
40.44007160909091,-3.690993336363636,0.0,2022-05-13 12:05:05.449158,0.0,0.0
40.44017151818182,-3.6910228727272734,0.0,2022-05-13 12:05:07.201111,0.0,0.0
40.44027142727273,-3.6910524090909087,0.0,2022-05-13 12:05:08.953064,0.0,0.0
40.44037133636363,-3.6910819454545445,0.0,2022-05-13 12:05:10.705017,0.0,0.0
40.440471245454546,-3.691111481818182,0.0,2022-05-13 12:05:12.456970,0.0,0.0
40.44057115454545,-3.691141018181818,0.0,2022-05-13 12:05:14.208923,0.0,0.0
40.440671063636366,-3.6911705545454554,0.0,2022-05-13 12:05:15.960876,0.0,0.0
40.44077097272727,-3.691200090909091,0.0,2022-05-13 12:05:17.712829,0.0,0.0
40.44087088181818,-3.6912296272727265,0.0,2022-05-13 12:05:19.464782,0.0,0.0
40.44097079090909,-3.691259163636364,0.0,2022-05-13 12:05:21.216735,0.0,0.0
40.4410707,-3.6912887,0.0,2022-05-13 12:05:22.968688,0.0,0.0
40.4410707,-3.6912887,0.0,2022-05-13 12:05:24.720641,0.0,0.0
40.44114544999999,-3.691143900000007,0.0,2022-05-13 12:05:26.472594,0.0,0.0
40.4412202,-3.6909991,0.0,2022-05-13 12:05:28.224547,0.0,0.0
40.4412202,-3.6909991,0.0,2022-05-13 12:05:29.976500,0.0,0.0
40.44114275,-3.690919725,0.0,2022-05-13 12:05:31.728453,0.0,0.0
40.4410653,-3.69084035,0.0,2022-05-13 12:05:33.480406,0.0,0.0
40.44098785,-3.690760975,0.0,2022-05-13 12:05:35.232359,0.0,0.0
40.4409104,-3.6906816,0.0,2022-05-13 12:05:36.984312,0.0,0.0
40.44083295,-3.690602225,0.0,2022-05-13 12:05:38.736265,0.0,0.0
40.4407555,-3.69052285,0.0,2022-05-13 12:05:40.488218,0.0,0.0
40.44067805,-3.690443475,0.0,2022-05-13 12:05:42.240171,0.0,0.0
40.4406006,-3.6903641,0.0,2022-05-13 12:05:43.992124,0.0,0.0
40.4406006,-3.6903641,0.0,2022-05-13 12:05:45.744077,0.0,0.0
40.4406745,-3.6901162,0.0,2022-05-13 12:05:47.496030,0.0,0.0
40.4406745,-3.6901162,0.0,2022-05-13 12:05:49.247983,0.0,0.0
