Latitud,Longitud,Tunel
40.4055932,-3.7005444,0.0
40.4056044,-3.7004799,0.0
40.4056014,-3.7003556,0.0
40.4056629,-3.7002736,0.0
40.4057062,-3.7001991,0.0
40.4057761,-3.6999677,0.0
40.4057761,-3.6999677,0.0
40.4057761,-3.6999677,0.0
40.4058561,-3.6996842,0.0
40.4058764,-3.6995742,0.0
40.4058764,-3.6995742,0.0
40.4059148,-3.699378,0.0
40.4059601,-3.6991586,0.0
40.4059622,-3.6991518,0.0
40.4059622,-3.6991518,0.0
40.4060683,-3.6988337,0.0
40.4060683,-3.6988337,0.0
40.4061575,-3.6985768,0.0
40.4061575,-3.6985768,0.0
40.4062124,-3.6983726,0.0
40.4062328,-3.6982335,0.0
40.4062328,-3.6982335,0.0
40.4063147,-3.6980067,0.0
40.4063293,-3.6978779,0.0
40.4062473,-3.6981488,0.0
40.4062473,-3.6981488,0.0
40.4062473,-3.6981488,0.0
40.4060066,-3.6974749,0.0
40.4058917,-3.6971806,0.0
40.4058917,-3.6971806,0.0
40.405416,-3.6972695,0.0
40.405416,-3.6972695,0.0
40.405416,-3.6972695,0.0
40.405416,-3.6972695,0.0
40.405416,-3.6972695,0.0
40.4047059,-3.6965739,0.0
40.4047059,-3.6965739,0.0
40.4047059,-3.6965739,0.0
40.4047059,-3.6965739,0.0
40.4047059,-3.6965739,0.0
40.4047059,-3.6965739,0.0
40.4047059,-3.6965739,0.0
40.4047059,-3.6965739,0.0
40.4041831,-3.6963935,0.0
40.4044099,-3.6958975,0.0
40.4044099,-3.6958975,0.0
40.4044099,-3.6958975,0.0
40.4042429,-3.6954889,0.0
40.4042429,-3.6954889,0.0
40.404221,-3.6949656,0.0
40.404221,-3.6949656,0.0
40.4041731,-3.6942566,0.0
40.4041731,-3.6942566,0.0
40.4041731,-3.6942566,0.0
40.40414,-3.6935734,0.0
40.4042341,-3.6936856,0.0
40.4043774,-3.6936386,0.0
40.4046073,-3.6935333,0.0
40.4046073,-3.6935333,0.0
40.4049528,-3.6934134,0.0
40.4052446,-3.6934784,0.0
40.4055318,-3.6933477,0.0
40.4057759,-3.6933982,0.0
40.4057759,-3.6933982,0.0
40.4060383,-3.6933388,0.0
40.4063079,-3.6933219,0.0
40.406462,-3.6933401,0.0
40.4066732,-3.6932931,0.0
40.4068441,-3.693265,0.0
40.4070441,-3.6932433,0.0
40.4070827,-3.6931622,0.0
40.407235,-3.6930661,0.0
40.407363,-3.6930471,0.0
40.4076343,-3.6927371,0.0
40.4076979,-3.6926536,0.0
40.4078346,-3.6925456,0.0
40.4080838,-3.6923319,0.0
40.4082148,-3.6923359,0.0
40.4082148,-3.6923359,0.0
40.408387,-3.6919938,0.0
40.4084776,-3.6919422,0.0
40.4084776,-3.6919422,0.0
40.4087792,-3.6917044,0.0
40.4087792,-3.6917044,0.0
40.4087792,-3.6917044,0.0
40.4091669,-3.691912,0.0
40.4091756,-3.691868,0.0
40.4091756,-3.691868,0.0
40.4095944,-3.692042,0.0
40.4095944,-3.692042,0.0
40.4099899,-3.6920752,0.0
40.4099899,-3.6920752,0.0
40.4105598,-3.6922433,0.0
40.4105598,-3.6922433,0.0
40.4108533,-3.6923049,0.0
40.411318,-3.6923977,0.0
40.4113612,-3.6924278,0.0
40.4117954,-3.6924529,0.0
40.4120971,-3.6924606,0.0
40.4120971,-3.6924606,0.0
40.4124401,-3.6926651,0.0
40.4124401,-3.6926651,0.0
40.413026,-3.6929068,0.0
40.4134431,-3.6930319,0.0
40.4134431,-3.6930319,0.0
40.4139824,-3.6933244,0.0
40.4141948,-3.6932203,0.0
40.4146496,-3.6932769,0.0
40.4146496,-3.6932769,0.0
40.4154435,-3.6932857,0.0
40.4155907,-3.6933533,0.0
40.4156247,-3.693116,0.0
40.4161206,-3.692905,0.0
40.4165523,-3.6933689,0.0
40.4167437,-3.693472,0.0
40.4169167,-3.6937368,0.0
40.4173428,-3.6933724,0.0
40.4176001,-3.6930674,0.0
40.4176858,-3.6930994,0.0
40.4176858,-3.6930994,0.0
40.417812,-3.6931059,0.0
40.4179211,-3.693073,0.0
40.4182685,-3.692992,0.0
40.4182685,-3.692992,0.0
40.4183236,-3.6929608,0.0
40.4183811,-3.6929569,0.0
40.4187386,-3.6926849,0.0
40.4187386,-3.6926849,0.0
40.4192185,-3.6927962,0.0
40.4193112,-3.6925771,0.0
40.4194527,-3.6923927,0.0
40.4194527,-3.6923927,0.0
40.419981,-3.6923861,0.0
40.419981,-3.6923861,0.0
40.4200913,-3.6921905,0.0
40.4200913,-3.6921905,0.0
40.4203916,-3.6922171,0.0
40.4203916,-3.6922171,0.0
40.4203916,-3.6922171,0.0
40.4206935,-3.6920872,0.0
40.4206935,-3.6920872,0.0
40.4207222,-3.6919347,0.0
40.4208458,-3.6919082,0.0
40.4208458,-3.6919082,0.0
40.4211838,-3.6917662,0.0
40.4211838,-3.6917662,0.0
40.4212926,-3.6916778,0.0
40.4214192,-3.6916364,0.0
40.4214847,-3.691585,0.0
40.4215464,-3.6915447,0.0
40.4216889,-3.6915059,0.0
40.4217626,-3.6914485,0.0
40.4219589,-3.6914493,0.0
40.4220171,-3.6913912,0.0
40.4220558,-3.6913364,0.0
40.4221211,-3.6912704,0.0
40.4223505,-3.6912329,0.0
40.4223505,-3.6912329,0.0
40.422569,-3.6911016,0.0
40.422569,-3.6911016,0.0
40.422569,-3.6911016,0.0
40.422569,-3.6911016,0.0
40.4227736,-3.6909972,0.0
40.4227736,-3.6909972,0.0
40.4230102,-3.6909569,0.0
40.4230102,-3.6909569,0.0
40.423124,-3.6909044,0.0
40.423124,-3.6909044,0.0
40.4233251,-3.6908202,0.0
40.4233251,-3.6908202,0.0
40.4233251,-3.6908202,0.0
40.4234498,-3.6907902,0.0
40.4234498,-3.6907902,0.0
40.4235504,-3.6907549,0.0
40.4236825,-3.6906809,0.0
40.4237084,-3.6906597,0.0
40.4238846,-3.6905993,0.0
40.4239215,-3.6905727,0.0
40.4241357,-3.6904988,0.0
40.4241633,-3.6904633,0.0
40.4243854,-3.6902978,0.0
40.4243854,-3.6902978,0.0
40.4245761,-3.6903089,0.0
40.4247264,-3.6901513,0.0
40.4247356,-3.6902153,0.0
40.4247356,-3.6902153,0.0
40.4247356,-3.6902153,0.0
40.4250075,-3.6900416,0.0
40.4250075,-3.6900416,0.0
40.4250075,-3.6900416,0.0
40.4252887,-3.6899949,0.0
40.4252887,-3.6899949,0.0
40.4252887,-3.6899949,0.0
40.4253321,-3.6899677,0.0
40.4255314,-3.6899489,0.0
40.4255244,-3.6899344,0.0
40.4257353,-3.6899176,0.0
40.4257353,-3.6899176,0.0
40.4256707,-3.6899203,0.0
40.4259083,-3.6898384,0.0
40.4259083,-3.6898384,0.0
40.4259083,-3.6898384,0.0
40.4259083,-3.6898384,0.0
40.4262444,-3.689725,0.0
40.4262444,-3.689725,0.0
40.4262444,-3.689725,0.0
40.4262444,-3.689725,0.0
40.4264023,-3.6896466,0.0
40.4264023,-3.6896466,0.0
40.4264023,-3.6896466,0.0
40.4264023,-3.6896466,0.0
40.4267044,-3.6895912,0.0
40.4267044,-3.6895912,0.0
40.4269781,-3.6895377,0.0
40.4271178,-3.6894805,0.0
40.4271178,-3.6894805,0.0
40.427234,-3.6894237,0.0
40.4273817,-3.6893919,0.0
40.4273817,-3.6893919,0.0
40.4276542,-3.6893297,0.0
40.4276542,-3.6893297,0.0
40.4279514,-3.6892953,0.0
40.4279514,-3.6892953,0.0
40.4281221,-3.6892484,0.0
40.4281221,-3.6892484,0.0
40.42859,-3.6890777,0.0
40.42859,-3.6890777,0.0
40.42859,-3.6890777,0.0
40.42859,-3.6890777,0.0
40.4287974,-3.6890014,0.0
40.4292562,-3.6889018,0.0
40.4292562,-3.6889018,0.0
40.4292971,-3.6888955,0.0
40.4292971,-3.6888955,0.0
40.4293006,-3.6889152,0.0
40.4295394,-3.6888753,0.0
40.4296741,-3.6888756,0.0
40.4298962,-3.688835,0.0
40.4302755,-3.6887605,0.0
40.430413,-3.688607,0.0
40.430413,-3.688607,0.0
40.430413,-3.688607,0.0
40.430413,-3.688607,0.0
40.4308509,-3.6886663,0.0
40.4308509,-3.6886663,0.0
40.4308509,-3.6886663,0.0
40.4308509,-3.6886663,0.0
40.4310376,-3.6884997,0.0
40.4316317,-3.6887782,0.0
40.4315177,-3.6885171,0.0
40.4315177,-3.6885171,0.0
40.4315177,-3.6885171,0.0
40.4317166,-3.6883703,0.0
40.4317166,-3.6883703,0.0
40.4319883,-3.6882714,0.0
40.4319883,-3.6882714,0.0
40.4320716,-3.6882679,0.0
40.4321702,-3.6881918,0.0
40.432291,-3.6881757,0.0
40.4325652,-3.6880347,0.0
40.4327122,-3.6880452,0.0
40.4327122,-3.6880452,0.0
40.4327122,-3.6880452,0.0
40.4330224,-3.6880963,0.0
40.4330994,-3.6881305,0.0
40.4332319,-3.6879735,0.0
40.4333815,-3.6879581,0.0
40.4335651,-3.6879662,0.0
40.4335651,-3.6879662,0.0
40.433691,-3.6879664,0.0
40.4339101,-3.6879289,0.0
40.4339101,-3.6879289,0.0
40.4342331,-3.688117,0.0
40.4342331,-3.688117,0.0
40.4344148,-3.6881866,0.0
40.4345862,-3.6881648,0.0
40.4345862,-3.6881648,0.0
40.4345862,-3.6881648,0.0
40.4347681,-3.6880694,0.0
40.4347681,-3.6880694,0.0
40.4351213,-3.6881206,0.0
40.4351213,-3.6881206,0.0
40.4354586,-3.6881479,0.0
40.4355284,-3.6882269,0.0
40.4357226,-3.6882334,0.0
40.4358138,-3.6885171,0.0
40.435842,-3.6887055,0.0
40.435842,-3.6887055,0.0
40.4361128,-3.6889728,0.0
40.4361128,-3.6889728,0.0
40.4361128,-3.6889728,0.0
40.4364544,-3.6892104,0.0
40.4364544,-3.6892104,0.0
40.4364544,-3.6892104,0.0
40.4364544,-3.6892104,0.0
40.4368221,-3.6894259,0.0
40.4368221,-3.6894259,0.0
40.437048,-3.6896242,0.0
40.4370223,-3.6895958,0.0
40.4371226,-3.6896348,0.0
40.4373018,-3.6897971,0.0
40.4375475,-3.6899376,0.0
40.4375475,-3.6899376,0.0
40.437807,-3.6900526,0.0
40.437807,-3.6900526,0.0
40.4380112,-3.6902317,0.0
40.4380339,-3.6902042,0.0
40.4381086,-3.6899155,0.0
40.4383929,-3.6901718,0.0
40.4383929,-3.6901718,0.0
40.4387252,-3.6904566,0.0
40.4388908,-3.690445,0.0
40.439133,-3.690483,0.0
40.439399,-3.6905077,0.0
40.4397528,-3.6907132,0.0
40.4400574,-3.6908454,0.0
40.4405254,-3.6908953,0.0
40.4410707,-3.6912887,0.0
40.4412202,-3.6909991,0.0
40.4408895,-3.6908842,0.0
40.4408465,-3.6906689,0.0
40.4404069,-3.690293999999999,0.0
