Latitud,Longitud,Tunel,Tiempo,GHI,POA
40.4055932,-3.7005444,0.0,2021-05-13 11:50:54.000000,780.9210066822873,914.6264013207416
40.4056044,-3.7004799,0.0,2021-05-13 11:50:57.063597,780.921482697029,914.6265593584448
40.4056014,-3.7003556,0.0,2021-05-13 11:51:00.127194,782.9895621804834,915.45410744513
40.4056629,-3.7002736,0.0,2021-05-13 11:51:03.190791,782.9899141203947,915.454058523064
40.4057062,-3.7001991,0.0,2021-05-13 11:51:06.254388,782.9903000111683,915.4540788578774
40.4057761,-3.6999677,0.0,2021-05-13 11:51:09.317985,782.9918383386414,915.4544747766976
40.4057761,-3.6999677,0.0,2021-05-13 11:51:12.381582,782.9918383386414,915.4544747766976
40.4057761,-3.6999677,0.0,2021-05-13 11:51:15.445179,782.9918383386414,915.4544747766976
40.4058561,-3.6996842,0.0,2021-05-13 11:51:18.508776,782.9937526567043,915.454988856952
40.4058764,-3.6995742,0.0,2021-05-13 11:51:21.572373,782.9945519151935,915.45524365177
40.4058764,-3.6995742,0.0,2021-05-13 11:51:24.635970,782.9945519151935,915.45524365177
40.4059148,-3.699378,0.0,2021-05-13 11:51:27.699567,782.9959659628163,915.4556868085192
40.4059601,-3.6991586,0.0,2021-05-13 11:51:30.763164,782.9975347944861,915.4561701958432
40.4059622,-3.6991518,0.0,2021-05-13 11:51:33.826761,782.9975797570568,915.4561815916672
40.4059622,-3.6991518,0.0,2021-05-13 11:51:36.890358,782.9975797570568,915.4561815916672
40.4060683,-3.6988337,0.0,2021-05-13 11:51:39.953955,782.9996417015459,915.4566741487992
40.4060683,-3.6988337,0.0,2021-05-13 11:51:43.017552,782.9996417015459,915.4566741487992
40.4061575,-3.6985768,0.0,2021-05-13 11:51:46.081149,783.0012884418612,915.4570538136752
40.4061575,-3.6985768,0.0,2021-05-13 11:51:49.144746,783.0012884418612,915.4570538136752
40.4062124,-3.6983726,0.0,2021-05-13 11:51:52.208343,783.0026815312194,915.4574380213218
40.4062328,-3.6982335,0.0,2021-05-13 11:51:55.271940,783.0037199025253,915.457787309791
40.4062328,-3.6982335,0.0,2021-05-13 11:51:58.335537,783.0037199025253,915.457787309791
40.4063147,-3.6980067,0.0,2021-05-13 11:52:01.399134,785.0592445124674,916.2668670090984
40.4063293,-3.6978779,0.0,2021-05-13 11:52:04.462731,785.0602214911315,916.26720276831
40.4062473,-3.6981488,0.0,2021-05-13 11:52:07.526328,785.0584380386742,916.2667622318124
40.4062473,-3.6981488,0.0,2021-05-13 11:52:10.589925,785.0584380386742,916.2667622318124
40.4062473,-3.6981488,0.0,2021-05-13 11:52:13.653522,785.0584380386742,916.2667622318124
40.4060066,-3.6974749,0.0,2021-05-13 11:52:16.717119,785.0652274825081,916.2701612638954
40.4058917,-3.6971806,0.0,2021-05-13 11:52:19.780716,785.0682442556854,916.2716962971836
40.4058917,-3.6971806,0.0,2021-05-13 11:52:22.844313,785.0682442556854,916.2716962971836
40.405416,-3.6972695,0.0,2021-05-13 11:52:25.907910,785.070033561711,916.2738761300354
40.405416,-3.6972695,0.0,2021-05-13 11:52:28.971507,785.070033561711,916.2738761300354
40.405416,-3.6972695,0.0,2021-05-13 11:52:32.035104,785.070033561711,916.2738761300354
40.405416,-3.6972695,0.0,2021-05-13 11:52:35.098701,785.070033561711,916.2738761300354
40.405416,-3.6972695,0.0,2021-05-13 11:52:38.162298,785.070033561711,916.2738761300354
40.4047059,-3.6965739,0.0,2021-05-13 11:52:41.225895,785.0794840930727,916.279775392481
40.4047059,-3.6965739,0.0,2021-05-13 11:52:44.289492,785.0794840930727,916.279775392481
40.4047059,-3.6965739,0.0,2021-05-13 11:52:47.353089,785.0794840930727,916.279775392481
40.4047059,-3.6965739,0.0,2021-05-13 11:52:50.416686,785.0794840930727,916.279775392481
40.4047059,-3.6965739,0.0,2021-05-13 11:52:53.480283,785.0794840930727,916.279775392481
40.4047059,-3.6965739,0.0,2021-05-13 11:52:56.543880,785.0794840930727,916.279775392481
40.4047059,-3.6965739,0.0,2021-05-13 11:52:57.000000,785.1818498352421,916.3197334683866
40.4047059,-3.6965739,0.0,2021-05-13 11:53:00.063597,787.2224231427725,917.1093684047976
40.4041831,-3.6963935,0.0,2021-05-13 11:53:03.127194,0.0,0.0
40.4044099,-3.6958975,0.0,2021-05-13 11:53:06.190791,0.0,0.0
40.4044099,-3.6958975,0.0,2021-05-13 11:53:09.254388,0.0,0.0
40.4044099,-3.6958975,0.0,2021-05-13 11:53:12.317985,0.0,0.0
40.4042429,-3.6954889,0.0,2021-05-13 11:53:15.381582,0.0,0.0
40.4042429,-3.6954889,0.0,2021-05-13 11:53:18.445179,0.0,0.0
40.404221,-3.6949656,0.0,2021-05-13 11:53:21.508776,0.0,0.0
40.404221,-3.6949656,0.0,2021-05-13 11:53:24.572373,0.0,0.0
40.4041731,-3.6942566,0.0,2021-05-13 11:53:27.635970,0.0,0.0
40.4041731,-3.6942566,0.0,2021-05-13 11:53:30.699567,0.0,0.0
40.4041731,-3.6942566,0.0,2021-05-13 11:53:33.763164,0.0,0.0
40.40414,-3.6935734,0.0,2021-05-13 11:53:36.826761,787.2498313552016,928.3947837168084
40.4042341,-3.6936856,0.0,2021-05-13 11:53:39.890358,0.0,0.0
40.4043774,-3.6936386,0.0,2021-05-13 11:53:42.953955,787.2480375356749,917.1202284923844
40.4046073,-3.6935333,0.0,2021-05-13 11:53:46.017552,787.2476698422176,917.1193594912512
40.4046073,-3.6935333,0.0,2021-05-13 11:53:49.081149,787.2476698422176,917.1193594912512
40.4049528,-3.6934134,0.0,2021-05-13 11:53:52.144746,787.2468054446505,917.117933978022
40.4052446,-3.6934784,0.0,2021-05-13 11:53:55.208343,787.2447236051415,917.1162118314086
40.4055318,-3.6933477,0.0,2021-05-13 11:53:58.271940,787.2442573025902,917.1151235130308
40.4057759,-3.6933982,0.0,2021-05-13 11:54:01.335537,789.2700334970232,917.8849234738948
40.4057759,-3.6933982,0.0,2021-05-13 11:54:04.399134,789.2700334970232,917.8849234738948
40.4060383,-3.6933388,0.0,2021-05-13 11:54:07.462731,789.2691084616215,917.8837307801218
40.4063079,-3.6933219,0.0,2021-05-13 11:54:10.526328,789.2678015215653,917.8823710138328
40.406462,-3.6933401,0.0,2021-05-13 11:54:13.589925,789.2668294194006,929.9015926140896
40.4066732,-3.6932931,0.0,2021-05-13 11:54:16.653522,789.2660782925475,917.8805464982704
40.4068441,-3.693265,0.0,2021-05-13 11:54:19.717119,789.2653902487957,917.8797374316878
40.4070441,-3.6932433,0.0,2021-05-13 11:54:22.780716,789.2644946830097,917.8787565466192
40.4070827,-3.6931622,0.0,2021-05-13 11:54:25.844313,789.2649431519984,929.9015779355044
40.407235,-3.6930661,0.0,2021-05-13 11:54:28.907910,789.2649039953209,917.8782965718206
40.407363,-3.6930471,0.0,2021-05-13 11:54:31.971507,789.2643721120844,929.9017797549966
40.4076343,-3.6927371,0.0,2021-05-13 11:54:35.035104,789.2654236564425,929.9031661591343
40.4076979,-3.6926536,0.0,2021-05-13 11:54:38.098701,789.2657576246978,917.8771288158912
40.4078346,-3.6925456,0.0,2021-05-13 11:54:41.162298,789.2658980764941,917.876741886398
40.4080838,-3.6923319,0.0,2021-05-13 11:54:44.225895,789.266289952258,917.8760876817706
40.4082148,-3.6923359,0.0,2021-05-13 11:54:47.289492,789.2655561652969,917.87538971071
40.4082148,-3.6923359,0.0,2021-05-13 11:54:50.353089,789.2655561652969,917.87538971071
40.408387,-3.6919938,0.0,2021-05-13 11:54:53.416686,789.2673975128854,917.87552931022
40.4084776,-3.6919422,0.0,2021-05-13 11:54:56.480283,789.2673291761527,917.8752120274572
40.4084776,-3.6919422,0.0,2021-05-13 11:54:59.543880,789.2673291761527,917.8752120274572
40.4087792,-3.6917044,0.0,2021-05-13 11:55:00.000000,789.3686620870105,917.9124321462332
40.4087792,-3.6917044,0.0,2021-05-13 11:55:03.063597,789.3686620870105,917.9124321462332
40.4087792,-3.6917044,0.0,2021-05-13 11:55:06.127194,789.3686620870105,917.9124321462332
40.4091669,-3.691912,0.0,2021-05-13 11:55:09.190791,789.3649089381619,917.9097708880448
40.4091756,-3.691868,0.0,2021-05-13 11:55:12.254388,789.365217642266,917.9098590638878
40.4091756,-3.691868,0.0,2021-05-13 11:55:15.317985,789.365217642266,917.9098590638878
40.4095944,-3.692042,0.0,2021-05-13 11:55:18.381582,0.0,0.0
40.4095944,-3.692042,0.0,2021-05-13 11:55:21.445179,0.0,0.0
40.4099899,-3.6920752,0.0,2021-05-13 11:55:24.508776,0.0,0.0
40.4099899,-3.6920752,0.0,2021-05-13 11:55:27.572373,0.0,0.0
40.4105598,-3.6922433,0.0,2021-05-13 11:55:30.635970,789.3547721750467,929.9759990151122
40.4105598,-3.6922433,0.0,2021-05-13 11:55:33.699567,789.3547721750467,929.9759990151122
40.4108533,-3.6923049,0.0,2021-05-13 11:55:36.763164,0.0,0.0
40.411318,-3.6923977,0.0,2021-05-13 11:55:39.826761,0.0,0.0
40.4113612,-3.6924278,0.0,2021-05-13 11:55:42.890358,0.0,0.0
40.4117954,-3.6924529,0.0,2021-05-13 11:55:45.953955,789.3464603845745,929.9725866633788
40.4120971,-3.6924606,0.0,2021-05-13 11:55:49.017552,0.0,0.0
40.4120971,-3.6924606,0.0,2021-05-13 11:55:52.081149,0.0,0.0
40.4124401,-3.6926651,0.0,2021-05-13 11:55:55.144746,0.0,0.0
40.4124401,-3.6926651,0.0,2021-05-13 11:55:58.208343,0.0,0.0
40.413026,-3.6929068,0.0,2021-05-13 11:56:01.271940,0.0,0.0
40.4134431,-3.6930319,0.0,2021-05-13 11:56:04.335537,0.0,0.0
40.4134431,-3.6930319,0.0,2021-05-13 11:56:07.399134,0.0,0.0
40.4139824,-3.6933244,0.0,2021-05-13 11:56:10.462731,0.0,0.0
40.4141948,-3.6932203,0.0,2021-05-13 11:56:13.526328,791.3410517855652,931.4534089597174
40.4146496,-3.6932769,0.0,2021-05-13 11:56:16.589925,791.3381471837686,918.6288491081062
40.4146496,-3.6932769,0.0,2021-05-13 11:56:19.653522,791.3381471837686,918.6288491081062
40.4154435,-3.6932857,0.0,2021-05-13 11:56:22.717119,0.0,0.0
40.4155907,-3.6933533,0.0,2021-05-13 11:56:25.780716,791.3324633304832,918.6236679467676
40.4156247,-3.693116,0.0,2021-05-13 11:56:28.844313,0.0,0.0
40.4161206,-3.692905,0.0,2021-05-13 11:56:31.907910,791.3332045830708,918.6222080418412
40.4165523,-3.6933689,0.0,2021-05-13 11:56:34.971507,0.0,0.0
40.4167437,-3.693472,0.0,2021-05-13 11:56:38.035104,791.3252980207762,918.6172454143718
40.4169167,-3.6937368,0.0,2021-05-13 11:56:41.098701,791.3222413420569,918.615549003512
40.4173428,-3.6933724,0.0,2021-05-13 11:56:44.162298,791.3228686544552,931.4469553443048
40.4176001,-3.6930674,0.0,2021-05-13 11:56:47.225895,0.0,0.0
40.4176858,-3.6930994,0.0,2021-05-13 11:56:50.289492,791.3232104183389,918.6133904083237
40.4176858,-3.6930994,0.0,2021-05-13 11:56:53.353089,791.3232104183389,918.6133904083237
40.417812,-3.6931059,0.0,2021-05-13 11:56:56.416686,0.0,0.0
40.4179211,-3.693073,0.0,2021-05-13 11:56:59.480283,0.0,0.0
40.4182685,-3.692992,0.0,2021-05-13 11:57:02.543880,0.0,0.0
40.4182685,-3.692992,0.0,2021-05-13 11:57:03.000000,0.0,0.0
40.4183236,-3.6929608,0.0,2021-05-13 11:57:06.063597,0.0,0.0
40.4183811,-3.6929569,0.0,2021-05-13 11:57:09.127194,0.0,0.0
40.4187386,-3.6926849,0.0,2021-05-13 11:57:12.190791,793.4210503954619,932.9923731126972
40.4187386,-3.6926849,0.0,2021-05-13 11:57:15.254388,793.4210503954619,932.9923731126972
40.4192185,-3.6927962,0.0,2021-05-13 11:57:18.317985,793.4175621035566,919.376088982909
40.4193112,-3.6925771,0.0,2021-05-13 11:57:21.381582,793.4188053080219,932.99198128748
40.4194527,-3.6923927,0.0,2021-05-13 11:57:24.445179,793.4195074710458,919.3760153994656
40.4194527,-3.6923927,0.0,2021-05-13 11:57:27.508776,793.4195074710458,919.3760153994656
40.419981,-3.6923861,0.0,2021-05-13 11:57:30.572373,0.0,0.0
40.419981,-3.6923861,0.0,2021-05-13 11:57:33.635970,0.0,0.0
40.4200913,-3.6921905,0.0,2021-05-13 11:57:36.699567,793.4176565662278,932.9928471724552
40.4200913,-3.6921905,0.0,2021-05-13 11:57:39.763164,793.4176565662278,932.9928471724552
40.4203916,-3.6922171,0.0,2021-05-13 11:57:42.826761,793.4158166151267,919.3715528126064
40.4203916,-3.6922171,0.0,2021-05-13 11:57:45.890358,793.4158166151267,919.3715528126064
40.4203916,-3.6922171,0.0,2021-05-13 11:57:48.953955,793.4158166151267,919.3715528126064
40.4206935,-3.6920872,0.0,2021-05-13 11:57:52.017552,0.0,0.0
40.4206935,-3.6920872,0.0,2021-05-13 11:57:55.081149,0.0,0.0
40.4207222,-3.6919347,0.0,2021-05-13 11:57:58.144746,0.0,0.0
40.4208458,-3.6919082,0.0,2021-05-13 11:58:01.208343,795.4025524534204,920.0845777411048
40.4208458,-3.6919082,0.0,2021-05-13 11:58:04.271940,795.4025524534204,920.0845777411048
40.4211838,-3.6917662,0.0,2021-05-13 11:58:07.335537,795.4018338666224,934.4443512833918
40.4211838,-3.6917662,0.0,2021-05-13 11:58:10.399134,795.4018338666224,934.4443512833918
40.4212926,-3.6916778,0.0,2021-05-13 11:58:13.462731,795.4019404541256,920.0828499324152
40.4214192,-3.6916364,0.0,2021-05-13 11:58:16.526328,795.4015779885714,920.0822930633884
40.4214847,-3.691585,0.0,2021-05-13 11:58:19.589925,0.0,0.0
40.4215464,-3.6915447,0.0,2021-05-13 11:58:22.653522,0.0,0.0
40.4216889,-3.6915059,0.0,2021-05-13 11:58:25.717119,795.4011406368298,934.4449414911536
40.4217626,-3.6914485,0.0,2021-05-13 11:58:28.780716,795.4011931801283,934.4451395301404
40.4219589,-3.6914493,0.0,2021-05-13 11:58:31.844313,795.4001166988836,920.0799489334896
40.4220171,-3.6913912,0.0,2021-05-13 11:58:34.907910,795.4002592746874,920.0798029689184
40.4220558,-3.6913364,0.0,2021-05-13 11:58:37.971507,0.0,0.0
40.4221211,-3.6912704,0.0,2021-05-13 11:58:41.035104,0.0,0.0
40.4223505,-3.6912329,0.0,2021-05-13 11:58:44.098701,795.3996946118141,934.445322732289
40.4223505,-3.6912329,0.0,2021-05-13 11:58:47.162298,795.3996946118141,934.445322732289
40.422569,-3.6911016,0.0,2021-05-13 11:58:50.225895,795.3995426175308,920.0776825245784
40.422569,-3.6911016,0.0,2021-05-13 11:58:53.289492,795.3995426175308,920.0776825245784
40.422569,-3.6911016,0.0,2021-05-13 11:58:56.353089,795.3995426175308,920.0776825245784
40.422569,-3.6911016,0.0,2021-05-13 11:58:59.416686,795.3995426175308,920.0776825245784
40.4227736,-3.6909972,0.0,2021-05-13 11:59:02.480283,797.3728280236131,920.7732057220878
40.4227736,-3.6909972,0.0,2021-05-13 11:59:05.543880,797.3728280236131,920.7732057220878
40.4230102,-3.6909569,0.0,2021-05-13 11:59:06.000000,0.0,0.0
40.4230102,-3.6909569,0.0,2021-05-13 11:59:09.063597,0.0,0.0
40.423124,-3.6909044,0.0,2021-05-13 11:59:12.127194,797.4699709223405,935.9490494414434
40.423124,-3.6909044,0.0,2021-05-13 11:59:15.190791,797.4699709223405,935.9490494414434
40.4233251,-3.6908202,0.0,2021-05-13 11:59:18.254388,797.4695300693411,920.805082408295
40.4233251,-3.6908202,0.0,2021-05-13 11:59:21.317985,797.4695300693411,920.805082408295
40.4233251,-3.6908202,0.0,2021-05-13 11:59:24.381582,797.4695300693411,920.805082408295
40.4234498,-3.6907902,0.0,2021-05-13 11:59:27.445179,797.4690821149487,920.80449778919
40.4234498,-3.6907902,0.0,2021-05-13 11:59:30.508776,797.4690821149487,920.80449778919
40.4235504,-3.6907549,0.0,2021-05-13 11:59:33.572373,797.4688079568551,920.8040565665556
40.4236825,-3.6906809,0.0,2021-05-13 11:59:36.635970,797.4686652444408,920.8035529490172
40.4237084,-3.6906597,0.0,2021-05-13 11:59:39.699567,797.4686898544244,920.8034725446468
40.4238846,-3.6905993,0.0,2021-05-13 11:59:42.763164,797.468198426477,920.8026958131436
40.4239215,-3.6905727,0.0,2021-05-13 11:59:45.826761,0.0,0.0
40.4241357,-3.6904988,0.0,2021-05-13 11:59:48.890358,797.4676114531068,920.8016284145456
40.4241633,-3.6904633,0.0,2021-05-13 11:59:51.953955,797.467739128094,920.8015781011852
40.4243854,-3.6902978,0.0,2021-05-13 11:59:55.017552,797.4678220175349,920.8008438842454
40.4243854,-3.6902978,0.0,2021-05-13 11:59:58.081149,797.4678220175349,920.8008438842454
40.4245761,-3.6903089,0.0,2021-05-13 12:00:01.144746,799.426422030533,921.4770190995558
40.4247264,-3.6901513,0.0,2021-05-13 12:00:04.208343,799.4268238288596,921.476631940632
40.4247356,-3.6902153,0.0,2021-05-13 12:00:07.271940,799.4262734598764,921.4764117559164
40.4247356,-3.6902153,0.0,2021-05-13 12:00:10.335537,799.4262734598764,921.4764117559164
40.4247356,-3.6902153,0.0,2021-05-13 12:00:13.399134,799.4262734598764,921.4764117559164
40.4250075,-3.6900416,0.0,2021-05-13 12:00:16.462731,799.4261305518016,937.3628227002814
40.4250075,-3.6900416,0.0,2021-05-13 12:00:19.526328,799.4261305518016,937.3628227002814
40.4250075,-3.6900416,0.0,2021-05-13 12:00:22.589925,799.4261305518016,937.3628227002814
40.4252887,-3.6899949,0.0,2021-05-13 12:00:25.653522,799.4249448555595,921.4740276374628
40.4252887,-3.6899949,0.0,2021-05-13 12:00:28.717119,799.4249448555595,921.4740276374628
40.4252887,-3.6899949,0.0,2021-05-13 12:00:31.780716,799.4249448555595,921.4740276374628
40.4253321,-3.6899677,0.0,2021-05-13 12:00:34.844313,799.424917933501,921.4738669852532
40.4255314,-3.6899489,0.0,2021-05-13 12:00:37.907910,799.4239659272214,921.4728461608712
40.4255244,-3.6899344,0.0,2021-05-13 12:00:40.971507,799.4241177194806,921.4729224600486
40.4257353,-3.6899176,0.0,2021-05-13 12:00:44.035104,799.4230861334465,921.4718339522444
40.4257353,-3.6899176,0.0,2021-05-13 12:00:47.098701,799.4230861334465,921.4718339522444
40.4256707,-3.6899203,0.0,2021-05-13 12:00:50.162298,799.4234212113503,921.4721738956874
40.4259083,-3.6898384,0.0,2021-05-13 12:00:53.225895,799.4227506347406,921.4711155668668
40.4259083,-3.6898384,0.0,2021-05-13 12:00:56.289492,799.4227506347406,921.4711155668668
40.4259083,-3.6898384,0.0,2021-05-13 12:00:59.353089,799.4227506347406,921.4711155668668
40.4259083,-3.6898384,0.0,2021-05-13 12:01:02.416686,801.3692815339072,922.1301928527904
40.4262444,-3.689725,0.0,2021-05-13 12:01:05.480283,801.3682980087179,922.1286724949532
40.4262444,-3.689725,0.0,2021-05-13 12:01:08.543880,801.3682980087179,922.1286724949532
40.4262444,-3.689725,0.0,2021-05-13 12:01:09.000000,801.4652789541375,922.1611513776608
40.4262444,-3.689725,0.0,2021-05-13 12:01:12.063597,801.4652789541375,922.1611513776608
40.4264023,-3.6896466,0.0,2021-05-13 12:01:15.127194,0.0,0.0
40.4264023,-3.6896466,0.0,2021-05-13 12:01:18.190791,0.0,0.0
40.4264023,-3.6896466,0.0,2021-05-13 12:01:21.254388,0.0,0.0
40.4264023,-3.6896466,0.0,2021-05-13 12:01:24.317985,0.0,0.0
40.4267044,-3.6895912,0.0,2021-05-13 12:01:27.381582,0.0,0.0
40.4267044,-3.6895912,0.0,2021-05-13 12:01:30.445179,0.0,0.0
40.4269781,-3.6895377,0.0,2021-05-13 12:01:33.508776,0.0,0.0
40.4271178,-3.6894805,0.0,2021-05-13 12:01:36.572373,801.4623318862084,938.8246890203408
40.4271178,-3.6894805,0.0,2021-05-13 12:01:39.635970,801.4623318862084,938.8246890203408
40.427234,-3.6894237,0.0,2021-05-13 12:01:42.699567,0.0,0.0
40.4273817,-3.6893919,0.0,2021-05-13 12:01:45.763164,0.0,0.0
40.4273817,-3.6893919,0.0,2021-05-13 12:01:48.826761,0.0,0.0
40.4276542,-3.6893297,0.0,2021-05-13 12:01:51.890358,0.0,0.0
40.4276542,-3.6893297,0.0,2021-05-13 12:01:54.953955,0.0,0.0
40.4279514,-3.6892953,0.0,2021-05-13 12:01:58.017552,801.4591455684491,938.8241649364388
40.4279514,-3.6892953,0.0,2021-05-13 12:02:01.081149,803.3917507073695,940.197801490444
40.4281221,-3.6892484,0.0,2021-05-13 12:02:04.144746,0.0,0.0
40.4281221,-3.6892484,0.0,2021-05-13 12:02:07.208343,0.0,0.0
40.42859,-3.6890777,0.0,2021-05-13 12:02:10.271940,0.0,0.0
40.42859,-3.6890777,0.0,2021-05-13 12:02:13.335537,0.0,0.0
40.42859,-3.6890777,0.0,2021-05-13 12:02:16.399134,0.0,0.0
40.42859,-3.6890777,0.0,2021-05-13 12:02:19.462731,0.0,0.0
40.4287974,-3.6890014,0.0,2021-05-13 12:02:22.526328,0.0,0.0
40.4292562,-3.6889018,0.0,2021-05-13 12:02:25.589925,803.3875073732524,940.1975019337074
40.4292562,-3.6889018,0.0,2021-05-13 12:02:28.653522,803.3875073732524,940.1975019337074
40.4292971,-3.6888955,0.0,2021-05-13 12:02:31.717119,803.3873278970965,940.1974596184884
40.4292971,-3.6888955,0.0,2021-05-13 12:02:34.780716,803.3873278970965,940.1974596184884
40.4293006,-3.6889152,0.0,2021-05-13 12:02:37.844313,803.3871567341552,940.197345605436
40.4295394,-3.6888753,0.0,2021-05-13 12:02:40.907910,0.0,0.0
40.4296741,-3.6888756,0.0,2021-05-13 12:02:43.971507,0.0,0.0
40.4298962,-3.688835,0.0,2021-05-13 12:02:47.035104,0.0,0.0
40.4302755,-3.6887605,0.0,2021-05-13 12:02:50.098701,803.3829134359564,940.1963615225692
40.430413,-3.688607,0.0,2021-05-13 12:02:53.162298,803.3833286167359,922.7814360446145
40.430413,-3.688607,0.0,2021-05-13 12:02:56.225895,803.3833286167359,922.7814360446145
40.430413,-3.688607,0.0,2021-05-13 12:02:59.289492,803.3833286167359,922.7814360446145
40.430413,-3.688607,0.0,2021-05-13 12:03:02.353089,805.302607456815,923.4032822103773
40.4308509,-3.6886663,0.0,2021-05-13 12:03:05.416686,805.2997004998286,941.5505028728148
40.4308509,-3.6886663,0.0,2021-05-13 12:03:08.480283,805.2997004998286,941.5505028728148
40.4308509,-3.6886663,0.0,2021-05-13 12:03:11.543880,805.2997004998286,941.5505028728148
40.4308509,-3.6886663,0.0,2021-05-13 12:03:12.000000,805.3953157622242,941.6177431486476
40.4310376,-3.6884997,0.0,2021-05-13 12:03:15.063597,805.3955425849402,923.430756664259
40.4316317,-3.6887782,0.0,2021-05-13 12:03:18.127194,805.390084422799,923.4268365177958
40.4315177,-3.6885171,0.0,2021-05-13 12:03:21.190791,0.0,0.0
40.4315177,-3.6885171,0.0,2021-05-13 12:03:24.254388,0.0,0.0
40.4315177,-3.6885171,0.0,2021-05-13 12:03:27.317985,0.0,0.0
40.4317166,-3.6883703,0.0,2021-05-13 12:03:30.381582,805.3927258385053,941.6176953622216
40.4317166,-3.6883703,0.0,2021-05-13 12:03:33.445179,805.3927258385053,941.6176953622216
40.4319883,-3.6882714,0.0,2021-05-13 12:03:36.508776,805.3919587865828,941.6177125546052
40.4319883,-3.6882714,0.0,2021-05-13 12:03:39.572373,805.3919587865828,941.6177125546052
40.4320716,-3.6882679,0.0,2021-05-13 12:03:42.635970,805.3915186379779,923.4256841005126
40.4321702,-3.6881918,0.0,2021-05-13 12:03:45.699567,0.0,0.0
40.432291,-3.6881757,0.0,2021-05-13 12:03:48.763164,0.0,0.0
40.4325652,-3.6880347,0.0,2021-05-13 12:03:51.826761,0.0,0.0
40.4327122,-3.6880452,0.0,2021-05-13 12:03:54.890358,0.0,0.0
40.4327122,-3.6880452,0.0,2021-05-13 12:03:57.953955,0.0,0.0
40.4327122,-3.6880452,0.0,2021-05-13 12:04:01.017552,0.0,0.0
40.4330224,-3.6880963,0.0,2021-05-13 12:04:04.081149,807.2927561349201,924.0237155031768
40.4330994,-3.6881305,0.0,2021-05-13 12:04:07.144746,0.0,0.0
40.4332319,-3.6879735,0.0,2021-05-13 12:04:10.208343,0.0,0.0
40.4333815,-3.6879581,0.0,2021-05-13 12:04:13.271940,807.2917817780624,924.022075734664
40.4335651,-3.6879662,0.0,2021-05-13 12:04:16.335537,0.0,0.0
40.4335651,-3.6879662,0.0,2021-05-13 12:04:19.399134,0.0,0.0
40.433691,-3.6879664,0.0,2021-05-13 12:04:22.462731,0.0,0.0
40.4339101,-3.6879289,0.0,2021-05-13 12:04:25.526328,0.0,0.0
40.4339101,-3.6879289,0.0,2021-05-13 12:04:28.589925,0.0,0.0
40.4342331,-3.688117,0.0,2021-05-13 12:04:31.653522,0.0,0.0
40.4342331,-3.688117,0.0,2021-05-13 12:04:34.717119,0.0,0.0
40.4344148,-3.6881866,0.0,2021-05-13 12:04:37.780716,0.0,0.0
40.4345862,-3.6881648,0.0,2021-05-13 12:04:40.844313,0.0,0.0
40.4345862,-3.6881648,0.0,2021-05-13 12:04:43.907910,0.0,0.0
40.4345862,-3.6881648,0.0,2021-05-13 12:04:46.971507,0.0,0.0
40.4347681,-3.6880694,0.0,2021-05-13 12:04:50.035104,807.2831248361816,942.94833700533
40.4347681,-3.6880694,0.0,2021-05-13 12:04:53.098701,807.2831248361816,942.94833700533
40.4351213,-3.6881206,0.0,2021-05-13 12:04:56.162298,0.0,0.0
40.4351213,-3.6881206,0.0,2021-05-13 12:04:59.225895,0.0,0.0
40.4354586,-3.6881479,0.0,2021-05-13 12:05:02.289492,809.1705295859646,924.594954618558
40.4355284,-3.6882269,0.0,2021-05-13 12:05:05.353089,0.0,0.0
40.4357226,-3.6882334,0.0,2021-05-13 12:05:08.416686,0.0,0.0
40.4358138,-3.6885171,0.0,2021-05-13 12:05:11.480283,809.1657360641407,924.592151239041
40.435842,-3.6887055,0.0,2021-05-13 12:05:14.543880,809.1641566996383,924.591563057073
40.435842,-3.6887055,0.0,2021-05-13 12:05:15.000000,809.2584032003049,924.6203271445062
40.4361128,-3.6889728,0.0,2021-05-13 12:05:17.990654,0.0,0.0
40.4361128,-3.6889728,0.0,2021-05-13 12:05:20.981308,0.0,0.0
40.4361128,-3.6889728,0.0,2021-05-13 12:05:23.971962,0.0,0.0
40.4364544,-3.6892104,0.0,2021-05-13 12:05:26.962616,0.0,0.0
40.4364544,-3.6892104,0.0,2021-05-13 12:05:29.953270,0.0,0.0
40.4364544,-3.6892104,0.0,2021-05-13 12:05:32.943924,0.0,0.0
40.4364544,-3.6892104,0.0,2021-05-13 12:05:35.934578,0.0,0.0
40.4368221,-3.6894259,0.0,2021-05-13 12:05:38.925232,809.247424874525,924.6132785803584
40.4368221,-3.6894259,0.0,2021-05-13 12:05:41.915886,809.247424874525,924.6132785803584
40.437048,-3.6896242,0.0,2021-05-13 12:05:44.906540,809.2446514958374,924.61157991785
40.4370223,-3.6895958,0.0,2021-05-13 12:05:47.897194,809.2450110072991,924.6117865719376
40.4371226,-3.6896348,0.0,2021-05-13 12:05:50.887848,809.2441490697677,924.6111449055978
40.4373018,-3.6897971,0.0,2021-05-13 12:05:53.878502,809.2419113950369,924.6097859295944
40.4375475,-3.6899376,0.0,2021-05-13 12:05:56.869156,809.2394612269164,924.6081108674408
40.4375475,-3.6899376,0.0,2021-05-13 12:05:59.859810,809.2394612269164,924.6081108674408
40.437807,-3.6900526,0.0,2021-05-13 12:06:02.850464,0.0,0.0
40.437807,-3.6900526,0.0,2021-05-13 12:06:05.841118,0.0,0.0
40.4380112,-3.6902317,0.0,2021-05-13 12:06:08.831772,0.0,0.0
40.4380339,-3.6902042,0.0,2021-05-13 12:06:11.822426,0.0,0.0
40.4381086,-3.6899155,0.0,2021-05-13 12:06:14.813080,0.0,0.0
40.4383929,-3.6901718,0.0,2021-05-13 12:06:17.803734,0.0,0.0
40.4383929,-3.6901718,0.0,2021-05-13 12:06:20.794388,0.0,0.0
40.4387252,-3.6904566,0.0,2021-05-13 12:06:23.785042,0.0,0.0
40.4388908,-3.690445,0.0,2021-05-13 12:06:26.775696,0.0,0.0
40.439133,-3.690483,0.0,2021-05-13 12:06:29.766350,811.104279548918,925.163997182846
40.439399,-3.6905077,0.0,2021-05-13 12:06:32.757004,0.0,0.0
40.4397528,-3.6907132,0.0,2021-05-13 12:06:35.747658,811.0990291033099,925.160057988456
40.4400574,-3.6908454,0.0,2021-05-13 12:06:38.738312,0.0,0.0
40.4405254,-3.6908953,0.0,2021-05-13 12:06:41.728966,811.0932683485275,945.5999437949118
40.4410707,-3.6912887,0.0,2021-05-13 12:06:44.719620,811.0872212630925,925.151490439098
40.4412202,-3.6909991,0.0,2021-05-13 12:06:47.710274,811.0885360453542,925.1513073398906
40.4408895,-3.6908842,0.0,2021-05-13 12:06:50.700928,811.091278320294,925.1533916496604
40.4408465,-3.6906689,0.0,2021-05-13 12:06:53.691582,811.0931334227632,925.154107996564
40.4404069,-3.690293999999999,0.0,2021-05-13 12:06:56.682236,0.0,0.0
