Latitud,Longitud,Tunel
40.435842,-3.6887055,0.0
40.4361128,-3.6889728,0.0
40.4361128,-3.6889728,0.0
40.4361128,-3.6889728,0.0
40.4364544,-3.6892104,0.0
40.4364544,-3.6892104,0.0
40.4364544,-3.6892104,0.0
40.4364544,-3.6892104,0.0
40.4368221,-3.6894259,0.0
40.4368221,-3.6894259,0.0
40.437048,-3.6896242,0.0
40.4370223,-3.6895958,0.0
40.4371226,-3.6896348,0.0
40.4373018,-3.6897971,0.0
40.4375475,-3.6899376,0.0
40.4375475,-3.6899376,0.0
40.437807,-3.6900526,0.0
40.437807,-3.6900526,0.0
40.4380112,-3.6902317,0.0
40.4380339,-3.6902042,0.0
40.4381086,-3.6899155,0.0
40.4383929,-3.6901718,0.0
40.4383929,-3.6901718,0.0
40.4387252,-3.6904566,0.0
40.4388908,-3.690445,0.0
40.439133,-3.690483,0.0
40.439399,-3.6905077,0.0
40.4397528,-3.6907132,0.0
40.4400574,-3.6908454,0.0
40.4405254,-3.6908953,0.0
40.4410707,-3.6912887,0.0
40.4412202,-3.6909991,0.0
40.4408895,-3.6908842,0.0
40.4408465,-3.6906689,0.0
40.4404069,-3.690293999999999,0.0