Latitud,Longitud,Tunel,Tiempo,GHI,POA
40.4049948,-3.7006163,0.0,2022-05-13 11:50:54.000000,780.4051785942885,914.2078725666463
40.40489723333333,-3.7005482833333327,0.0,2022-05-13 11:50:55.688418,780.4062543993338,914.2086016761218
40.40479966666666,-3.700480266666665,0.0,2022-05-13 11:50:57.376836,780.4073302024507,914.2093307830893
40.404702099999994,-3.7004122499999976,0.0,2022-05-13 11:50:59.065254,780.4084060036407,914.2100598875497
40.404604533333334,-3.700344233333335,0.0,2022-05-13 11:51:00.753672,782.477462099507,915.0388592546122
40.404506966666666,-3.7002762166666674,0.0,2022-05-13 11:51:02.442090,782.478537439737,915.0395860594564
40.4044094,-3.7002082,0.0,2022-05-13 11:51:04.130508,782.4796127780206,924.9692220325456
40.4044094,-3.7002082,0.0,2022-05-13 11:51:05.818926,782.4796127780206,924.9692220325456
40.404446375,-3.7000843833333312,0.0,2022-05-13 11:51:07.507344,782.4804379901976,924.9699306246522
40.40448335,-3.699960566666663,0.0,2022-05-13 11:51:09.195762,782.4812631977222,924.9706392110944
40.404520325,-3.699836749999994,0.0,2022-05-13 11:51:10.884180,782.4820884005945,924.9713477918724
40.4045573,-3.699712933333325,0.0,2022-05-13 11:51:12.572598,782.4829135988152,924.9720563669866
40.404594275,-3.699589116666657,0.0,2022-05-13 11:51:14.261016,782.4837387923831,924.9727649364362
40.404631249999994,-3.699465300000012,0.0,2022-05-13 11:51:15.949434,782.4845639812992,924.973473500222
40.404668224999995,-3.699341483333343,0.0,2022-05-13 11:51:17.637852,0.0,0.0
40.404705199999995,-3.6992176666666747,0.0,2022-05-13 11:51:19.326270,782.4862143451746,915.0420238211914
40.404742174999996,-3.699093850000006,0.0,2022-05-13 11:51:21.014688,0.0,0.0
40.404779149999996,-3.698970033333337,0.0,2022-05-13 11:51:22.703106,0.0,0.0
40.404816124999996,-3.6988462166666687,0.0,2022-05-13 11:51:24.391524,782.4886898560959,924.9770162341878
40.4048531,-3.6987224,0.0,2022-05-13 11:51:26.079942,0.0,0.0
40.4048531,-3.6987224,0.0,2022-05-13 11:51:27.768360,0.0,0.0
40.404941574999995,-3.6987770333333323,0.0,2022-05-13 11:51:29.456778,0.0,0.0
40.40503004999999,-3.6988316666666643,0.0,2022-05-13 11:51:31.145196,0.0,0.0
40.405118525,-3.6988863000000007,0.0,2022-05-13 11:51:32.833614,0.0,0.0
40.405207,-3.698940933333333,0.0,2022-05-13 11:51:34.522032,782.4858466713096,915.0403350333916
40.405295474999996,-3.6989955666666656,0.0,2022-05-13 11:51:36.210450,0.0,0.0
40.40538395,-3.699050200000002,0.0,2022-05-13 11:51:37.898868,782.4840124888888,915.039062957736
40.405472425,-3.699104833333334,0.0,2022-05-13 11:51:39.587286,782.4830953952967,915.0384269169509
40.4055609,-3.6991594666666665,0.0,2022-05-13 11:51:41.275704,0.0,0.0
40.405649374999996,-3.699214099999999,0.0,2022-05-13 11:51:42.964122,0.0,0.0
40.405737849999994,-3.699268733333331,0.0,2022-05-13 11:51:44.652540,0.0,0.0
40.405826325,-3.6993233666666674,0.0,2022-05-13 11:51:46.340958,0.0,0.0
40.4059148,-3.699378,0.0,2022-05-13 11:51:48.029376,782.4785099035228,915.0352466834643
40.4059148,-3.699378,0.0,2022-05-13 11:51:49.717794,782.4785099035228,915.0352466834643
40.405945919354835,-3.6992616838709744,0.0,2022-05-13 11:51:51.406212,782.479304148503,915.0354662439257
40.40597703870968,-3.6991453677419224,0.0,2022-05-13 11:51:53.094630,782.480098389548,915.0356857994014
40.406008158064516,-3.699029051612897,0.0,2022-05-13 11:51:54.783048,782.480892626657,915.0359053498917
40.40603927741935,-3.6989127354838716,0.0,2022-05-13 11:51:56.471466,782.4816868598309,915.0361248953963
40.40607039677419,-3.698796419354846,0.0,2022-05-13 11:51:58.159884,782.4824810890685,915.0363444359152
40.406101516129034,-3.698680103225794,0.0,2022-05-13 11:51:59.848302,782.4832753143717,915.0365639714491
40.40613263548387,-3.6985637870967687,0.0,2022-05-13 11:52:01.536720,784.5391043388518,915.8465068527375
40.40616375483871,-3.6984474709677437,0.0,2022-05-13 11:52:03.225138,784.5398916311566,915.8467170853421
40.406194874193545,-3.6983311548387183,0.0,2022-05-13 11:52:04.913556,784.5406789195217,915.8469273129683
40.40622599354839,-3.6982148387096663,0.0,2022-05-13 11:52:06.601974,784.5414662039469,915.8471375356165
40.406257112903226,-3.698098522580641,0.0,2022-05-13 11:52:08.290392,784.5422534844326,915.8473477532866
40.40628823225806,-3.6979822064516155,0.0,2022-05-13 11:52:09.978810,784.5430407609788,915.8475579659788
40.4063193516129,-3.69786589032259,0.0,2022-05-13 11:52:11.667228,784.5438280335848,915.8477681736927
40.406350470967745,-3.697749574193538,0.0,2022-05-13 11:52:13.355646,784.5446153022523,915.8479783764287
40.40638159032258,-3.6976332580645126,0.0,2022-05-13 11:52:15.044064,784.5454025669792,915.8481885741868
40.40641270967742,-3.697516941935487,0.0,2022-05-13 11:52:16.732482,784.5461898277662,915.8483987669665
40.406443829032256,-3.697400625806462,0.0,2022-05-13 11:52:18.420900,784.5469770846136,915.8486089547681
40.4064749483871,-3.6972843096774097,0.0,2022-05-13 11:52:20.109318,784.5477643375216,915.8488191375917
40.40650606774194,-3.6971679935483843,0.0,2022-05-13 11:52:21.797736,784.5485515864895,915.8490293154373
40.406537187096774,-3.697051677419359,0.0,2022-05-13 11:52:23.486154,784.5493388315178,915.8492394883048
40.40656830645161,-3.6969353612903335,0.0,2022-05-13 11:52:25.174572,784.5501260726063,915.8494496561942
40.406599425806455,-3.6968190451612815,0.0,2022-05-13 11:52:26.862990,784.5509133097559,915.8496598191058
40.40663054516129,-3.696702729032256,0.0,2022-05-13 11:52:28.551408,784.5517005429649,915.8498699770392
40.40666166451613,-3.696586412903231,0.0,2022-05-13 11:52:30.239826,784.5524877722341,926.537064578157
40.406692783870966,-3.6964700967742057,0.0,2022-05-13 11:52:31.928244,784.5532749975644,915.8502902779719
40.40672390322581,-3.6963537806451536,0.0,2022-05-13 11:52:33.616662,784.5540622189548,915.8505004209715
40.40675502258065,-3.6962374645161282,0.0,2022-05-13 11:52:35.305080,784.5548494364048,915.8507105589925
40.406786141935484,-3.696121148387103,0.0,2022-05-13 11:52:36.993498,0.0,0.0
40.40681726129032,-3.6960048322580774,0.0,2022-05-13 11:52:38.681916,784.5564238594872,926.5403766131077
40.406848380645165,-3.6958885161290254,0.0,2022-05-13 11:52:40.370334,784.5572110651184,926.5410390055025
40.4068795,-3.6957722,0.0,2022-05-13 11:52:42.058752,784.5579982668102,926.5417013930322
40.4068795,-3.6957722,0.0,2022-05-13 11:52:43.747170,784.5579982668102,926.5417013930322
40.40691327142857,-3.69565114285715,0.0,2022-05-13 11:52:45.435588,784.5588102048589,926.542388386019
40.40694704285715,-3.6955300857142745,0.0,2022-05-13 11:52:47.124006,784.5596221385737,926.5430753736835
40.40698081428572,-3.695409028571425,0.0,2022-05-13 11:52:48.812424,784.5604340679547,926.5437623560261
40.407014585714286,-3.695287971428575,0.0,2022-05-13 11:52:50.500842,784.561245993002,926.5444493330465
40.407048357142855,-3.6951669142857253,0.0,2022-05-13 11:52:52.189260,784.5620579137146,926.545136304744
40.40708212857143,-3.69504585714285,0.0,2022-05-13 11:52:53.877678,784.5628698300934,926.5458232711194
40.4071159,-3.6949248,0.0,2022-05-13 11:52:55.566096,0.0,0.0
40.40714967142857,-3.69480374285715,0.0,2022-05-13 11:52:57.254514,784.564493649849,926.5471971879035
40.407183442857146,-3.6946826857142745,0.0,2022-05-13 11:52:58.942932,0.0,0.0
40.407217214285716,-3.694561628571425,0.0,2022-05-13 11:53:00.631350,786.6080638185729,928.0788547343054
40.407250985714285,-3.694440571428575,0.0,2022-05-13 11:53:02.319768,786.6088684493504,928.0795320198215
40.407284757142854,-3.6943195142857252,0.0,2022-05-13 11:53:04.008186,786.6096730757899,928.0802093000145
40.40731852857143,-3.69419845714285,0.0,2022-05-13 11:53:05.696604,0.0,0.0
40.4073523,-3.6940774,0.0,2022-05-13 11:53:07.385022,0.0,0.0
40.4073523,-3.6940774,0.0,2022-05-13 11:53:09.073440,0.0,0.0
40.407356709090905,-3.6939868250000694,0.0,2022-05-13 11:53:10.761858,0.0,0.0
40.40736111818182,-3.693896249999993,0.0,2022-05-13 11:53:12.450276,0.0,0.0
40.407365527272724,-3.6938056750000627,0.0,2022-05-13 11:53:14.138694,786.6134224868936,928.0831931742489
40.40736993636364,-3.6937150999999866,0.0,2022-05-13 11:53:15.827112,786.6141358737187,928.0837362791563
40.40737434545454,-3.693624525000056,0.0,2022-05-13 11:53:17.515530,786.6148492587473,916.6470090939929
40.407378754545455,-3.69353394999998,0.0,2022-05-13 11:53:19.203948,786.6155626419835,916.6472689722294
40.40738316363636,-3.6934433750000495,0.0,2022-05-13 11:53:20.892366,786.6162760234232,916.6475288479919
40.40738757272727,-3.6933527999999733,0.0,2022-05-13 11:53:22.580784,786.6169894030689,916.6477887212809
40.40739198181818,-3.693262225000043,0.0,2022-05-13 11:53:24.269202,786.6177027809197,928.086451765942
40.40739639090909,-3.6931716499999667,0.0,2022-05-13 11:53:25.957620,786.618416156977,928.0869948557506
40.4074008,-3.6930810750000362,0.0,2022-05-13 11:53:27.646038,786.6191295312382,916.6485683263074
40.40740520909091,-3.69299049999996,0.0,2022-05-13 11:53:29.334456,786.6198429037056,916.6488281897027
40.407409618181816,-3.6928999250000296,0.0,2022-05-13 11:53:31.022874,786.6205562743776,916.6490880506243
40.40741402727273,-3.6928093499999535,0.0,2022-05-13 11:53:32.711292,786.6212696432561,916.6493479090723
40.407418436363635,-3.692718775000023,0.0,2022-05-13 11:53:34.399710,786.621983010339,928.0897102670418
40.40742284545455,-3.692628199999947,0.0,2022-05-13 11:53:36.088128,786.622696375628,916.649867618548
40.40742725454545,-3.6925376250000164,0.0,2022-05-13 11:53:37.776546,786.6234097391214,916.6501274695752
40.407431663636366,-3.6924470499999402,0.0,2022-05-13 11:53:39.464964,786.6241231008217,916.6503873181296
40.40743607272727,-3.6923564750000097,0.0,2022-05-13 11:53:41.153382,786.6248364607259,916.65064716421
40.407440481818185,-3.6922658999999336,0.0,2022-05-13 11:53:42.841800,786.6255498188365,916.6509070078173
40.40744489090909,-3.692175325000003,0.0,2022-05-13 11:53:44.530218,786.626263175151,928.092968677548
40.407449299999996,-3.692084750000073,0.0,2022-05-13 11:53:46.218636,786.6269765296721,928.0935117371581
40.40745370909091,-3.691994174999997,0.0,2022-05-13 11:53:47.907054,786.6276898823984,928.0940547942517
40.407458118181815,-3.6919036000000665,0.0,2022-05-13 11:53:49.595472,0.0,0.0
40.40746252727273,-3.6918130249999903,0.0,2022-05-13 11:53:51.283890,786.6291165824674,916.65220618875
40.40746693636363,-3.69172245000006,0.0,2022-05-13 11:53:52.972308,786.6298299298089,928.0956839504336
40.407471345454546,-3.6916318749999837,0.0,2022-05-13 11:53:54.660726,786.6305432753571,928.0962269974614
40.40747575454545,-3.691541300000053,0.0,2022-05-13 11:53:56.349144,0.0,0.0
40.407480163636365,-3.691450724999977,0.0,2022-05-13 11:53:58.037562,0.0,0.0
40.40748457272727,-3.6913601500000466,0.0,2022-05-13 11:53:59.725980,0.0,0.0
40.40748898181818,-3.6912695749999704,0.0,2022-05-13 11:54:01.414398,788.6622731564541,929.6097397492583
40.40749339090909,-3.69117900000004,0.0,2022-05-13 11:54:03.102816,0.0,0.0
40.4074978,-3.691088424999964,0.0,2022-05-13 11:54:04.791234,0.0,0.0
40.40750220909091,-3.6909978500000333,0.0,2022-05-13 11:54:06.479652,0.0,0.0
40.40750661818182,-3.690907274999957,0.0,2022-05-13 11:54:08.168070,788.665107245741,917.4276118844808
40.407511027272726,-3.6908167000000267,0.0,2022-05-13 11:54:09.856488,788.6658157635637,917.4278649957323
40.40751543636364,-3.6907261249999506,0.0,2022-05-13 11:54:11.544906,788.6665242795879,929.6129567954391
40.407519845454544,-3.69063555000002,0.0,2022-05-13 11:54:13.233324,788.6672327938115,917.428371210821
40.40752425454546,-3.690544974999944,0.0,2022-05-13 11:54:14.921742,788.6679413062362,917.4286243146581
40.40752866363636,-3.6904544000000135,0.0,2022-05-13 11:54:16.610160,788.6686498168609,917.4288774160234
40.407533072727276,-3.6903638249999373,0.0,2022-05-13 11:54:18.298578,788.6693583256867,917.4291305149173
40.40753748181818,-3.690273250000007,0.0,2022-05-13 11:54:19.986996,788.6700668327123,917.4293836113395
40.407541890909094,-3.6901826749999307,0.0,2022-05-13 11:54:21.675414,788.6707753379393,917.4296367052904
40.4075463,-3.6900921,0.0,2022-05-13 11:54:23.363832,788.6714838413658,917.4298897967694
40.4075463,-3.6900921,0.0,2022-05-13 11:54:25.052250,788.6714838413658,917.4298897967694
40.40747927142857,-3.6899965499999996,0.0,2022-05-13 11:54:26.740668,788.6726162246385,917.4305331898446
40.40741224285714,-3.6899009999999985,0.0,2022-05-13 11:54:28.429086,788.6737486063216,917.4311765803865
40.40734521428571,-3.689805449999998,0.0,2022-05-13 11:54:30.117504,788.6748809864154,917.4318199683955
40.40727818571428,-3.6897098999999973,0.0,2022-05-13 11:54:31.805922,788.676013364919,917.4324633538714
40.407211157142854,-3.6896143499999967,0.0,2022-05-13 11:54:33.494340,788.6771457418326,917.433106736814
40.407144128571424,-3.6895187999999957,0.0,2022-05-13 11:54:35.182758,788.6782781171563,917.4337501172234
40.407077099999995,-3.689423249999995,0.0,2022-05-13 11:54:36.871176,788.6794104908906,917.4343934950998
40.40701007142857,-3.6893277000000047,0.0,2022-05-13 11:54:38.559594,788.6805428630346,917.4350368704427
40.406943042857144,-3.6892321500000036,0.0,2022-05-13 11:54:40.248012,788.6816752335894,917.4356802432528
40.406876014285714,-3.689136600000003,0.0,2022-05-13 11:54:41.936430,788.6828076025539,917.4363236135295
40.406808985714285,-3.6890410500000024,0.0,2022-05-13 11:54:43.624848,788.6839399699289,917.4369669812731
40.406741957142856,-3.6889455000000018,0.0,2022-05-13 11:54:45.313266,788.6850723357131,917.437610346483
40.40667492857143,-3.6888499500000007,0.0,2022-05-13 11:54:47.001684,788.6862046999088,917.4382537091603
40.4066079,-3.6887544,0.0,2022-05-13 11:54:48.690102,788.6873370625137,917.4388970693043
40.4066079,-3.6887544,0.0,2022-05-13 11:54:50.378520,788.6873370625137,917.4388970693043
40.40672085,-3.6887201999999997,0.0,2022-05-13 11:54:52.066938,788.687006916378,917.4384082572709
40.4068338,-3.6886859999999992,0.0,2022-05-13 11:54:53.755356,788.6866767654992,917.4379194405539
40.406946749999996,-3.6886518000000006,0.0,2022-05-13 11:54:55.443774,788.6863466098771,917.437430619153
40.4070597,-3.6886176,0.0,2022-05-13 11:54:57.132192,788.6860164495104,917.4369417930681
40.4070597,-3.6886176,0.0,2022-05-13 11:54:58.820610,788.6860164495104,917.4369417930681
40.407161439999996,-3.6886198,0.0,2022-05-13 11:55:00.509028,0.0,0.0
40.40726318,-3.688622,0.0,2022-05-13 11:55:02.197446,0.0,0.0
40.40736492,-3.6886241999999996,0.0,2022-05-13 11:55:03.885864,0.0,0.0
40.40746666,-3.6886263999999995,0.0,2022-05-13 11:55:05.574282,0.0,0.0
40.4075684,-3.6886285999999995,0.0,2022-05-13 11:55:07.262700,0.0,0.0
40.40767014,-3.6886307999999994,0.0,2022-05-13 11:55:08.951118,0.0,0.0
40.40777188,-3.6886329999999994,0.0,2022-05-13 11:55:10.639536,0.0,0.0
40.40787362,-3.688635199999999,0.0,2022-05-13 11:55:12.327954,790.6972975785292,918.1871003611105
40.40797536,-3.688637399999999,0.0,2022-05-13 11:55:14.016372,790.6967304019738,918.1865568503042
40.4080771,-3.688639599999999,0.0,2022-05-13 11:55:15.704790,790.6961632225739,918.186013336679
40.4080771,-3.688639599999999,0.0,2022-05-13 11:55:17.393208,790.6961632225739,918.186013336679
40.408168116535435,-3.6886390708661407,0.0,2022-05-13 11:55:19.081626,790.6956758785972,918.1855345412785
40.408259133070864,-3.6886385417322822,0.0,2022-05-13 11:55:20.770044,790.6951885322906,918.1850557435757
40.4083501496063,-3.688638012598424,0.0,2022-05-13 11:55:22.458462,790.6947011836515,918.1845769435697
40.408441166141735,-3.6886374834645657,0.0,2022-05-13 11:55:24.146880,790.694213832681,918.1840981412608
40.40853218267716,-3.6886369543307076,0.0,2022-05-13 11:55:25.835298,790.6937264793809,918.1836193366498
40.4086231992126,-3.688636425196849,0.0,2022-05-13 11:55:27.523716,790.6932391237481,918.1831405297354
40.408714215748034,-3.688635896062991,0.0,2022-05-13 11:55:29.212134,790.6927517657839,918.1826617205181
40.40880523228346,-3.6886353669291325,0.0,2022-05-13 11:55:30.900552,790.6922644054898,918.1821829089988
40.4088962488189,-3.6886348377952745,0.0,2022-05-13 11:55:32.588970,790.6917770428638,918.1817040951763
40.408987265354334,-3.6886343086614164,0.0,2022-05-13 11:55:34.277388,0.0,0.0
40.40907828188976,-3.688633779527558,0.0,2022-05-13 11:55:35.965806,790.6908023106184,918.1807464606229
40.4091692984252,-3.6886332503937,0.0,2022-05-13 11:55:37.654224,0.0,0.0
40.409260314960626,-3.6886327212598413,0.0,2022-05-13 11:55:39.342642,790.6898275690481,918.1797888168585
40.40935133149606,-3.6886321921259833,0.0,2022-05-13 11:55:41.031060,0.0,0.0
40.4094423480315,-3.6886316629921247,0.0,2022-05-13 11:55:42.719478,0.0,0.0
40.409533364566926,-3.6886311338582667,0.0,2022-05-13 11:55:44.407896,0.0,0.0
40.40962438110236,-3.6886306047244086,0.0,2022-05-13 11:55:46.096314,0.0,0.0
40.4097153976378,-3.68863007559055,0.0,2022-05-13 11:55:47.784732,790.6873906743261,918.1773946671487
40.409806414173225,-3.688629546456692,0.0,2022-05-13 11:55:49.473150,790.6869032883881,918.1769158302988
40.40989743070866,-3.6886290173228335,0.0,2022-05-13 11:55:51.161568,790.6864159001193,918.1764369911459
40.409988447244096,-3.6886284881889755,0.0,2022-05-13 11:55:52.849986,790.6859285095185,918.1759581496898
40.410079463779525,-3.688627959055117,0.0,2022-05-13 11:55:54.538404,790.6854411165866,918.1754793059314
40.41017048031496,-3.688627429921259,0.0,2022-05-13 11:55:56.226822,790.684953721324,931.1132618940236
40.410261496850396,-3.6886269007874004,0.0,2022-05-13 11:55:57.915240,790.6844663237298,931.1131029159795
40.410352513385824,-3.6886263716535423,0.0,2022-05-13 11:55:59.603658,790.6839789238051,931.1129439353606
40.41044352992126,-3.6886258425196843,0.0,2022-05-13 11:56:01.292076,792.6862334926071,918.9098458809851
40.410534546456695,-3.6886253133858258,0.0,2022-05-13 11:56:02.980494,0.0,0.0
40.410625562992124,-3.6886247842519677,0.0,2022-05-13 11:56:04.668912,0.0,0.0
40.41071657952756,-3.688624255118109,0.0,2022-05-13 11:56:06.357330,792.6847630008292,932.5859498276351
40.410807596062995,-3.688623725984251,0.0,2022-05-13 11:56:08.045748,0.0,0.0
40.41089861259842,-3.6886231968503926,0.0,2022-05-13 11:56:09.734166,0.0,0.0
40.41098962913386,-3.6886226677165346,0.0,2022-05-13 11:56:11.422584,0.0,0.0
40.411080645669294,-3.688622138582676,0.0,2022-05-13 11:56:13.111002,0.0,0.0
40.41117166220472,-3.688621609448818,0.0,2022-05-13 11:56:14.799420,792.682312134474,918.905995620014
40.41126267874016,-3.68862108031496,0.0,2022-05-13 11:56:16.487838,0.0,0.0
40.411353695275594,-3.6886205511811014,0.0,2022-05-13 11:56:18.176256,0.0,0.0
40.41144471181102,-3.6886200220472434,0.0,2022-05-13 11:56:19.864674,0.0,0.0
40.41153572834646,-3.688619492913385,0.0,2022-05-13 11:56:21.553092,0.0,0.0
40.411626744881886,-3.688618963779527,0.0,2022-05-13 11:56:23.241510,0.0,0.0
40.41171776141732,-3.6886184346456683,0.0,2022-05-13 11:56:24.929928,0.0,0.0
40.41180877795276,-3.6886179055118102,0.0,2022-05-13 11:56:26.618346,0.0,0.0
40.411899794488185,-3.688617376377952,0.0,2022-05-13 11:56:28.306764,0.0,0.0
40.41199081102362,-3.6886168472440937,0.0,2022-05-13 11:56:29.995182,792.6779004278507,918.9016638999861
40.41208182755906,-3.6886163181102356,0.0,2022-05-13 11:56:31.683600,792.6774102265446,918.9011825862292
40.412172844094485,-3.688615788976377,0.0,2022-05-13 11:56:33.372018,792.6769200229022,918.9007012701659
40.41226386062992,-3.688615259842519,0.0,2022-05-13 11:56:35.060436,792.6764298169238,932.583218645517
40.412354877165356,-3.6886147307086605,0.0,2022-05-13 11:56:36.748854,792.675939608609,918.8997386311204
40.412445893700784,-3.6886142015748025,0.0,2022-05-13 11:56:38.437272,792.6754493979581,918.8992573081382
40.41253691023622,-3.688613672440944,0.0,2022-05-13 11:56:40.125690,0.0,0.0
40.412627926771655,-3.688613143307086,0.0,2022-05-13 11:56:41.814108,0.0,0.0
40.412718943307084,-3.688612614173228,0.0,2022-05-13 11:56:43.502526,792.6739787519878,932.5824152146995
40.41280995984252,-3.6886120850393693,0.0,2022-05-13 11:56:45.190944,792.6734885319917,932.5822545207925
40.412900976377955,-3.6886115559055113,0.0,2022-05-13 11:56:46.879362,792.6729983096596,918.8968506586322
40.41299199291338,-3.6886110267716528,0.0,2022-05-13 11:56:48.567780,792.6725080849913,918.8963693218119
40.41308300944882,-3.6886104976377947,0.0,2022-05-13 11:56:50.256198,792.6720178579866,918.8958879826854
40.413174025984254,-3.688609968503936,0.0,2022-05-13 11:56:51.944616,0.0,0.0
40.41326504251968,-3.688609439370078,0.0,2022-05-13 11:56:53.633034,0.0,0.0
40.41335605905512,-3.6886089102362196,0.0,2022-05-13 11:56:55.321452,0.0,0.0
40.413447075590554,-3.6886083811023616,0.0,2022-05-13 11:56:57.009870,0.0,0.0
40.41353809212598,-3.6886078519685035,0.0,2022-05-13 11:56:58.698288,0.0,0.0
40.41362910866142,-3.688607322834645,0.0,2022-05-13 11:57:00.386706,0.0,0.0
40.41372012519685,-3.688606793700787,0.0,2022-05-13 11:57:02.075124,0.0,0.0
40.41381114173228,-3.6886062645669284,0.0,2022-05-13 11:57:03.763542,0.0,0.0
40.41390215826772,-3.6886057354330704,0.0,2022-05-13 11:57:05.451960,0.0,0.0
40.413993174803146,-3.688605206299212,0.0,2022-05-13 11:57:07.140378,0.0,0.0
40.41408419133858,-3.688604677165354,0.0,2022-05-13 11:57:08.828796,794.6562418648718,934.0348355635683
40.41417520787402,-3.6886041480314953,0.0,2022-05-13 11:57:10.517214,0.0,0.0
40.414266224409445,-3.688603618897637,0.0,2022-05-13 11:57:12.205632,794.6552558734844,919.607685651131
40.41435724094488,-3.688603089763779,0.0,2022-05-13 11:57:13.894050,0.0,0.0
40.414448257480316,-3.6886025606299206,0.0,2022-05-13 11:57:15.582468,0.0,0.0
40.414539274015745,-3.6886020314960626,0.0,2022-05-13 11:57:17.270886,794.6537768688447,919.6062343269964
40.41463029055118,-3.688601502362204,0.0,2022-05-13 11:57:18.959304,794.6532838626161,919.6057505476651
40.414721307086616,-3.688600973228346,0.0,2022-05-13 11:57:20.647722,794.6527908540456,934.0336989620553
40.414812323622044,-3.6886004440944875,0.0,2022-05-13 11:57:22.336140,794.652297843134,934.0335365800637
40.41490334015748,-3.6885999149606294,0.0,2022-05-13 11:57:24.024558,794.6518048298813,919.6042991958121
40.414994356692915,-3.688599385826771,0.0,2022-05-13 11:57:25.712976,794.6513118142872,919.6038154072415
40.415085373228344,-3.688598856692913,0.0,2022-05-13 11:57:27.401394,794.6508187963522,934.0330494185696
40.41517638976378,-3.688598327559055,0.0,2022-05-13 11:57:29.089812,794.6503257760751,919.6028478231706
40.415267406299215,-3.6885977984251963,0.0,2022-05-13 11:57:30.778230,794.649832753457,919.6023640276703
40.41535842283464,-3.6885972692913382,0.0,2022-05-13 11:57:32.466648,794.6493397284986,919.6018802298605
40.41544943937008,-3.6885967401574797,0.0,2022-05-13 11:57:34.155066,794.6488467011986,919.6013964297407
40.415540455905514,-3.6885962110236217,0.0,2022-05-13 11:57:35.843484,794.6483536715563,934.0322374310114
40.41563147244094,-3.688595681889763,0.0,2022-05-13 11:57:37.531902,0.0,0.0
40.41572248897638,-3.688595152755905,0.0,2022-05-13 11:57:39.220320,0.0,0.0
40.415813505511814,-3.6885946236220466,0.0,2022-05-13 11:57:40.908738,0.0,0.0
40.41590452204724,-3.6885940944881885,0.0,2022-05-13 11:57:42.597156,0.0,0.0
40.41599553858268,-3.6885935653543305,0.0,2022-05-13 11:57:44.285574,0.0,0.0
40.41608655511811,-3.688593036220472,0.0,2022-05-13 11:57:45.973992,0.0,0.0
40.41617757165354,-3.688592507086614,0.0,2022-05-13 11:57:47.662410,794.6449023985119,919.597525945627
40.41626858818898,-3.6885919779527554,0.0,2022-05-13 11:57:49.350828,0.0,0.0
40.416359604724406,-3.6885914488188973,0.0,2022-05-13 11:57:51.039246,794.6439162994286,919.5965583015005
40.41645062125984,-3.688590919685039,0.0,2022-05-13 11:57:52.727664,0.0,0.0
40.41654163779528,-3.6885903905511808,0.0,2022-05-13 11:57:54.416082,0.0,0.0
40.416632654330705,-3.6885898614173227,0.0,2022-05-13 11:57:56.104500,794.6424371332433,919.5951068179863
40.41672367086614,-3.688589332283464,0.0,2022-05-13 11:57:57.792918,794.6419440731657,919.5946229855286
40.416814687401576,-3.688588803149606,0.0,2022-05-13 11:57:59.481336,0.0,0.0
40.416905703937005,-3.6885882740157476,0.0,2022-05-13 11:58:01.169754,0.0,0.0
40.41699672047244,-3.6885877448818896,0.0,2022-05-13 11:58:02.858172,0.0,0.0
40.417087737007876,-3.688587215748031,0.0,2022-05-13 11:58:04.546590,0.0,0.0
40.417178753543304,-3.688586686614173,0.0,2022-05-13 11:58:06.235008,796.6159471518287,935.4653209465956
40.41726977007874,-3.6885861574803145,0.0,2022-05-13 11:58:07.923426,0.0,0.0
40.417360786614175,-3.6885856283464564,0.0,2022-05-13 11:58:09.611844,796.6149555574809,920.2910956217836
40.4174518031496,-3.6885850992125984,0.0,2022-05-13 11:58:11.300262,796.6144597567877,935.4648287267272
40.41754281968504,-3.68858457007874,0.0,2022-05-13 11:58:12.988680,0.0,0.0
40.417633836220475,-3.688584040944882,0.0,2022-05-13 11:58:14.677098,0.0,0.0
40.4177248527559,-3.6885835118110233,0.0,2022-05-13 11:58:16.365516,796.6129723406317,920.2891506735702
40.41781586929134,-3.6885829826771652,0.0,2022-05-13 11:58:18.053934,0.0,0.0
40.417906885826774,-3.6885824535433067,0.0,2022-05-13 11:58:19.742352,0.0,0.0
40.4179979023622,-3.6885819244094487,0.0,2022-05-13 11:58:21.430770,0.0,0.0
40.41808891889764,-3.68858139527559,0.0,2022-05-13 11:58:23.119188,796.6109890862426,920.2872056883434
40.41817993543307,-3.688580866141732,0.0,2022-05-13 11:58:24.807606,0.0,0.0
40.4182709519685,-3.688580337007874,0.0,2022-05-13 11:58:26.496024,0.0,0.0
40.41836196850394,-3.6885798078740155,0.0,2022-05-13 11:58:28.184442,0.0,0.0
40.41845298503937,-3.6885792787401575,0.0,2022-05-13 11:58:29.872860,0.0,0.0
40.4185440015748,-3.688578749606299,0.0,2022-05-13 11:58:31.561278,0.0,0.0
40.41863501811024,-3.688578220472441,0.0,2022-05-13 11:58:33.249696,0.0,0.0
40.418726034645665,-3.6885776913385824,0.0,2022-05-13 11:58:34.938114,0.0,0.0
40.4188170511811,-3.6885771622047243,0.0,2022-05-13 11:58:36.626532,0.0,0.0
40.418908067716536,-3.6885766330708663,0.0,2022-05-13 11:58:38.314950,0.0,0.0
40.418999084251965,-3.6885761039370077,0.0,2022-05-13 11:58:40.003368,0.0,0.0
40.4190901007874,-3.6885755748031497,0.0,2022-05-13 11:58:41.691786,0.0,0.0
40.419181117322836,-3.688575045669291,0.0,2022-05-13 11:58:43.380204,0.0,0.0
40.419272133858264,-3.688574516535433,0.0,2022-05-13 11:58:45.068622,0.0,0.0
40.4193631503937,-3.6885739874015746,0.0,2022-05-13 11:58:46.757040,0.0,0.0
40.419454166929135,-3.6885734582677165,0.0,2022-05-13 11:58:48.445458,0.0,0.0
40.419545183464564,-3.688572929133858,0.0,2022-05-13 11:58:50.133876,796.6030556932948,935.4610542659912
40.4196362,-3.6885724,0.0,2022-05-13 11:58:51.822294,796.6025598362922,920.2789390881992
40.4196362,-3.6885724,0.0,2022-05-13 11:58:53.510712,796.6025598362922,920.2789390881992
40.419727933333334,-3.6884552333333303,0.0,2022-05-13 11:58:55.199130,796.6029784100347,920.2787706625408
40.41981966666666,-3.68833806666667,0.0,2022-05-13 11:58:56.887548,796.6033969759875,920.2786022283561
40.4199114,-3.6882209,0.0,2022-05-13 11:58:58.575966,796.6038155341521,920.2784337856455
40.4199114,-3.6882209,0.0,2022-05-13 11:59:00.264384,798.5670902269042,920.9600985684033
40.41993955862068,-3.688104879310357,0.0,2022-05-13 11:59:01.952802,798.567842115439,920.9602585391751
40.41996771724138,-3.6879888586206846,0.0,2022-05-13 11:59:03.641220,798.5685940001549,920.9604185051635
40.419995875862064,-3.6878728379310415,0.0,2022-05-13 11:59:05.329638,798.569345881052,920.960578466369
40.42002403448276,-3.6877568172413695,0.0,2022-05-13 11:59:07.018056,798.5700977581289,936.8819397176168
40.420052193103444,-3.6876407965517264,0.0,2022-05-13 11:59:08.706474,0.0,0.0
40.42008035172413,-3.6875247758620833,0.0,2022-05-13 11:59:10.394892,798.5716015008245,920.9610583212847
40.420108510344825,-3.687408755172411,0.0,2022-05-13 11:59:12.083310,798.5723533664435,936.8837421427914
40.42013666896551,-3.6872927344827677,0.0,2022-05-13 11:59:13.771728,798.5731052282426,920.961378200645
40.420164827586206,-3.6871767137930953,0.0,2022-05-13 11:59:15.460146,0.0,0.0
40.42019298620689,-3.687060693103452,0.0,2022-05-13 11:59:17.148564,0.0,0.0
40.420221144827586,-3.68694467241378,0.0,2022-05-13 11:59:18.836982,0.0,0.0
40.42024930344827,-3.686828651724137,0.0,2022-05-13 11:59:20.525400,0.0,0.0
40.42027746206896,-3.686712631034494,0.0,2022-05-13 11:59:22.213818,0.0,0.0
40.42030562068965,-3.6865966103448216,0.0,2022-05-13 11:59:23.902236,798.5776163188316,920.962337723927
40.42033377931034,-3.6864805896551784,0.0,2022-05-13 11:59:25.590654,798.5783681538945,920.9624976277323
40.420361937931034,-3.686364568965506,0.0,2022-05-13 11:59:27.279072,798.579119985139,920.9626575267545
40.42039009655172,-3.686248548275863,0.0,2022-05-13 11:59:28.967490,798.5798718125632,920.9628174209932
40.42041825517241,-3.68613252758622,0.0,2022-05-13 11:59:30.655908,798.5806236361683,920.9629773104488
40.4204464137931,-3.686016506896548,0.0,2022-05-13 11:59:32.344326,798.5813754559546,920.9631371951214
40.42047457241379,-3.6859004862069047,0.0,2022-05-13 11:59:34.032744,798.5821272719202,920.9632970750102
40.42050273103448,-3.6857844655172323,0.0,2022-05-13 11:59:35.721162,798.5828790840676,920.9634569501162
40.42053088965517,-3.685668444827589,0.0,2022-05-13 11:59:37.409580,798.5836308923942,920.9636168204383
40.42055904827586,-3.6855524241379167,0.0,2022-05-13 11:59:39.097998,0.0,0.0
40.42058720689655,-3.6854364034482736,0.0,2022-05-13 11:59:40.786416,798.5851344975913,920.9639365467337
40.420615365517236,-3.6853203827586305,0.0,2022-05-13 11:59:42.474834,798.5858862944599,920.9640964027061
40.42064352413793,-3.6852043620689585,0.0,2022-05-13 11:59:44.163252,798.5866380875101,920.964256253896
40.420671682758616,-3.6850883413793154,0.0,2022-05-13 11:59:45.851670,798.5873898767398,920.964416100302
40.42069984137931,-3.684972320689643,0.0,2022-05-13 11:59:47.540088,798.5881416621512,920.9645759419251
40.420728,-3.6848563,0.0,2022-05-13 11:59:49.228506,798.5888934437426,920.9647357787647
40.420728,-3.6848563,0.0,2022-05-13 11:59:50.916924,798.5888934437426,920.9647357787647
40.420817547999995,-3.684841778,0.0,2022-05-13 11:59:52.605342,798.5885123534233,920.9642925341501
40.420907096,-3.6848272559999993,0.0,2022-05-13 11:59:54.293760,798.5881312604886,920.9638492869757
40.420996644,-3.6848127339999994,0.0,2022-05-13 11:59:55.982178,0.0,0.0
40.421086192,-3.684798212,0.0,2022-05-13 11:59:57.670596,0.0,0.0
40.421175739999995,-3.68478369,0.0,2022-05-13 11:59:59.359014,0.0,0.0
40.421265288,-3.6847691679999994,0.0,2022-05-13 12:00:01.047432,0.0,0.0
40.421354836,-3.6847546459999996,0.0,2022-05-13 12:00:02.735850,0.0,0.0
40.421444384,-3.6847401239999997,0.0,2022-05-13 12:00:04.424268,0.0,0.0
40.421533931999996,-3.6847256020000003,0.0,2022-05-13 12:00:06.112686,0.0,0.0
40.42162348,-3.6847110799999996,0.0,2022-05-13 12:00:07.801104,0.0,0.0
40.421713028,-3.6846965579999997,0.0,2022-05-13 12:00:09.489522,0.0,0.0
40.421802576,-3.684682036,0.0,2022-05-13 12:00:11.177940,0.0,0.0
40.421892123999996,-3.6846675140000005,0.0,2022-05-13 12:00:12.866358,0.0,0.0
40.421981672,-3.6846529919999993,0.0,2022-05-13 12:00:14.554776,0.0,0.0
40.42207122,-3.68463847,0.0,2022-05-13 12:00:16.243194,0.0,0.0
40.422160768,-3.684623948,0.0,2022-05-13 12:00:17.931612,0.0,0.0
40.422250315999996,-3.684609426,0.0,2022-05-13 12:00:19.620030,800.5322944881714,921.6204516618689
40.422339864,-3.6845949039999994,0.0,2022-05-13 12:00:21.308448,800.5319099739472,921.6200050531806
40.422429412,-3.6845803819999996,0.0,2022-05-13 12:00:22.996866,0.0,0.0
40.42251896,-3.68456586,0.0,2022-05-13 12:00:24.685284,0.0,0.0
40.422608507999996,-3.6845513380000003,0.0,2022-05-13 12:00:26.373702,0.0,0.0
40.422698056,-3.6845368159999996,0.0,2022-05-13 12:00:28.062120,0.0,0.0
40.422787604,-3.6845222939999998,0.0,2022-05-13 12:00:29.750538,0.0,0.0
40.422877152,-3.684507772,0.0,2022-05-13 12:00:31.438956,0.0,0.0
40.4229667,-3.684493249999999,0.0,2022-05-13 12:00:33.127374,0.0,0.0
40.423056248,-3.6844787279999998,0.0,2022-05-13 12:00:34.815792,800.5288337659191,921.6164320914913
40.423145796,-3.684464206,0.0,2022-05-13 12:00:36.504210,800.5284492281367,921.6159854597569
40.423235344,-3.684449684,0.0,2022-05-13 12:00:38.192628,0.0,0.0
40.423324892000004,-3.6844351619999993,0.0,2022-05-13 12:00:39.881046,0.0,0.0
40.42341444,-3.6844206399999995,0.0,2022-05-13 12:00:41.569464,0.0,0.0
40.423503988,-3.684406118,0.0,2022-05-13 12:00:43.257882,0.0,0.0
40.423593536,-3.684391596,0.0,2022-05-13 12:00:44.946300,0.0,0.0
40.423683084000004,-3.6843770739999995,0.0,2022-05-13 12:00:46.634718,800.5261419464716,921.6133056155761
40.423772632,-3.6843625519999996,0.0,2022-05-13 12:00:48.323136,800.5257573903663,921.612858965917
40.42386218,-3.6843480299999998,0.0,2022-05-13 12:00:50.011554,800.525372831643,921.612412313697
40.423951728,-3.6843335080000004,0.0,2022-05-13 12:00:51.699972,800.5249882703023,921.6119656589166
40.424041276000004,-3.684318985999999,0.0,2022-05-13 12:00:53.388390,0.0,0.0
40.424130824,-3.684304464,0.0,2022-05-13 12:00:55.076808,0.0,0.0
40.424220372,-3.684289942,0.0,2022-05-13 12:00:56.765226,0.0,0.0
40.42430992,-3.68427542,0.0,2022-05-13 12:00:58.453644,0.0,0.0
40.424399468000004,-3.6842608979999993,0.0,2022-05-13 12:01:00.142062,0.0,0.0
40.424489016,-3.684246376,0.0,2022-05-13 12:01:01.830480,802.459301648566,939.6705205770677
40.424578564,-3.684231854,0.0,2022-05-13 12:01:03.518898,802.4589137048105,922.2539236954369
40.424668112,-3.6842173320000002,0.0,2022-05-13 12:01:05.207316,0.0,0.0
40.424757660000004,-3.6842028099999995,0.0,2022-05-13 12:01:06.895734,0.0,0.0
40.424847208,-3.6841882879999996,0.0,2022-05-13 12:01:08.584152,0.0,0.0
40.424936756,-3.6841737660000002,0.0,2022-05-13 12:01:10.272570,0.0,0.0
40.425026304,-3.6841592440000004,0.0,2022-05-13 12:01:11.960988,0.0,0.0
40.425115852000005,-3.6841447219999996,0.0,2022-05-13 12:01:13.649406,802.4565859872486,939.6698927543649
40.4252054,-3.6841302,0.0,2022-05-13 12:01:15.337824,802.4561980251503,922.2507738024567
40.4252054,-3.6841302,0.0,2022-05-13 12:01:17.026242,802.4561980251503,922.2507738024567
40.425212237500006,-3.6842548000000566,0.0,2022-05-13 12:01:18.714660,802.4551986420761,922.2504202236851
40.425219075,-3.6843793999999837,0.0,2022-05-13 12:01:20.403078,802.4541992559045,922.2500666405838
40.425225912500004,-3.6845040000000404,0.0,2022-05-13 12:01:22.091496,802.4531998666357,939.6677171609134
40.42523275,-3.6846285999999675,0.0,2022-05-13 12:01:23.779914,802.4522004742702,922.2493594613927
40.4252395875,-3.6847532000000243,0.0,2022-05-13 12:01:25.468332,802.4512010788068,939.6663265423845
40.425246425,-3.6848777999999514,0.0,2022-05-13 12:01:27.156750,802.4502016802468,939.6656312262534
40.4252532625,-3.685002400000008,0.0,2022-05-13 12:01:28.845168,802.4492022785885,939.6649359055436
40.4252601,-3.6851270000000644,0.0,2022-05-13 12:01:30.533586,802.4482028738331,939.6642405802563
40.4252669375,-3.6852515999999915,0.0,2022-05-13 12:01:32.222004,802.4472034659815,939.663545250392
40.425273775,-3.6853762000000483,0.0,2022-05-13 12:01:33.910422,802.4462040550319,922.2472378199072
40.425280612499996,-3.6855007999999754,0.0,2022-05-13 12:01:35.598840,802.4452046409854,922.2468841978392
40.42528745,-3.685625400000032,0.0,2022-05-13 12:01:37.287258,802.4442052238411,922.2465305714416
40.425294287499995,-3.6857499999999592,0.0,2022-05-13 12:01:38.975676,802.4432058036,922.2461769407141
40.425301125,-3.685874600000016,0.0,2022-05-13 12:01:40.664094,802.442206380261,922.2458233056572
40.42530796249999,-3.685999199999943,0.0,2022-05-13 12:01:42.352512,802.4412069538263,922.2454696662709
40.425314799999995,-3.6861238,0.0,2022-05-13 12:01:44.040930,802.440207524293,922.2451160225543
40.4253216375,-3.6862484000000566,0.0,2022-05-13 12:01:45.729348,802.4392080916615,922.2447623745079
40.42532847499999,-3.6863729999999837,0.0,2022-05-13 12:01:47.417766,802.4382086559357,922.2444087221328
40.425335312499996,-3.6864976000000405,0.0,2022-05-13 12:01:49.106184,802.4372092171097,922.244055065427
40.42534214999999,-3.6866221999999675,0.0,2022-05-13 12:01:50.794602,802.4362097751891,922.2437014043927
40.425348987499994,-3.6867468000000243,0.0,2022-05-13 12:01:52.483020,802.4352103301702,922.243347739028
40.42535582499999,-3.6868713999999514,0.0,2022-05-13 12:01:54.171438,802.4342108820542,922.2429940693338
40.42536266249999,-3.686996000000008,0.0,2022-05-13 12:01:55.859856,802.4332114308409,922.24264039531
40.42536949999999,-3.6871205999999352,0.0,2022-05-13 12:01:57.548274,802.4322119765309,922.2422867169564
40.42537633749999,-3.6872451999999916,0.0,2022-05-13 12:01:59.236692,802.4312125191225,922.2419330342728
40.42538317499999,-3.6873698000000483,0.0,2022-05-13 12:02:00.925110,804.3537592446303,922.8688014089666
40.42539001249999,-3.6874943999999754,0.0,2022-05-13 12:02:02.613528,804.3527661784433,922.8684565491913
40.42539684999999,-3.687619000000032,0.0,2022-05-13 12:02:04.301946,804.3517731091468,922.8681116850873
40.42540368749999,-3.6877435999999593,0.0,2022-05-13 12:02:05.990364,804.3507800367428,941.0101888822406
40.42541052499999,-3.687868200000016,0.0,2022-05-13 12:02:07.678782,804.3497869612304,922.8674219438947
40.425417362499985,-3.687992799999943,0.0,2022-05-13 12:02:09.367200,804.3487938826102,922.8670770668062
40.42542419999999,-3.6881174,0.0,2022-05-13 12:02:11.055618,804.347800800881,922.8667321853892
40.42542419999999,-3.6881174,0.0,2022-05-13 12:02:12.744036,804.347800800881,922.8667321853892
40.42543260588234,-3.6882456176470715,0.0,2022-05-13 12:02:14.432454,804.3467711951639,922.8663698045418
40.4254410117647,-3.688373835294143,0.0,2022-05-13 12:02:16.120872,804.3457415861899,922.8660074191403
40.42544941764705,-3.6885020529412147,0.0,2022-05-13 12:02:17.809290,804.3447119739589,922.8656450291844
40.425457823529406,-3.6886302705882863,0.0,2022-05-13 12:02:19.497708,804.3436823584713,922.8652826346746
40.425466229411754,-3.6887584882352495,0.0,2022-05-13 12:02:21.186126,804.3426527397276,922.8649202356108
40.42547463529411,-3.688886705882321,0.0,2022-05-13 12:02:22.874544,804.3416231177258,922.8645578319923
40.42548304117646,-3.6890149235293928,0.0,2022-05-13 12:02:24.562962,804.3405934924675,922.8641954238199
40.42549144705882,-3.6891431411764644,0.0,2022-05-13 12:02:26.251380,804.3395638639518,922.8638330110932
40.42549985294117,-3.6892713588235355,0.0,2022-05-13 12:02:27.939798,804.3385342321795,922.8634705938125
40.42550825882353,-3.689399576470607,0.0,2022-05-13 12:02:29.628216,804.3375045971499,922.863108171977
40.42551666470588,-3.6895277941176787,0.0,2022-05-13 12:02:31.316634,804.3364749588648,922.8627457455883
40.425525070588236,-3.6896560117647503,0.0,2022-05-13 12:02:33.005052,804.3354453173212,922.8623833146444
40.425533476470584,-3.6897842294117136,0.0,2022-05-13 12:02:34.693470,804.3344156725225,922.8620208791474
40.42554188235294,-3.689912447058785,0.0,2022-05-13 12:02:36.381888,804.3333860244654,922.8616584390952
40.42555028823529,-3.690040664705857,0.0,2022-05-13 12:02:38.070306,804.3323563731522,922.8612959944894
40.42555869411765,-3.6901688823529284,0.0,2022-05-13 12:02:39.758724,804.3313267185813,922.8609335453289
40.4255671,-3.6902971,0.0,2022-05-13 12:02:41.447142,804.3302970607548,922.8605710916148
40.4255671,-3.6902971,0.0,2022-05-13 12:02:43.135560,804.3302970607548,922.8605710916148
40.42565691037736,-3.69028078490566,0.0,2022-05-13 12:02:44.823978,804.3299180876043,922.8601208789111
40.42574672075472,-3.6902644698113214,0.0,2022-05-13 12:02:46.512396,804.3295391117679,922.8596706635826
40.42583653113208,-3.690248154716981,0.0,2022-05-13 12:02:48.200814,804.3291601332451,922.8592204456288
40.42592634150944,-3.690231839622641,0.0,2022-05-13 12:02:49.889232,804.3287811520354,922.8587702250499
40.42601615188679,-3.6902155245283024,0.0,2022-05-13 12:02:51.577650,804.3284021681403,940.9956666057924
40.42610596226415,-3.6901992094339624,0.0,2022-05-13 12:02:53.266068,804.3280231815584,922.8578697760173
40.42619577264151,-3.6901828943396224,0.0,2022-05-13 12:02:54.954486,0.0,0.0
40.42628558301887,-3.690166579245284,0.0,2022-05-13 12:02:56.642904,804.3272652003367,940.9954173744262
40.42637539339623,-3.6901502641509434,0.0,2022-05-13 12:02:58.331322,0.0,0.0
40.42646520377359,-3.6901339490566034,0.0,2022-05-13 12:03:00.019740,0.0,0.0
40.42655501415094,-3.6901176339622648,0.0,2022-05-13 12:03:01.708158,0.0,0.0
40.4266448245283,-3.690101318867925,0.0,2022-05-13 12:03:03.396576,806.2361515645509,923.464498476266
40.426734634905664,-3.690085003773585,0.0,2022-05-13 12:03:05.084994,0.0,0.0
40.426824445283025,-3.690068688679245,0.0,2022-05-13 12:03:06.773412,0.0,0.0
40.42691425566038,-3.690052373584906,0.0,2022-05-13 12:03:08.461830,0.0,0.0
40.42700406603774,-3.690036058490566,0.0,2022-05-13 12:03:10.150248,0.0,0.0
40.4270938764151,-3.690019743396226,0.0,2022-05-13 12:03:11.838666,806.2342393300075,942.3365083672338
40.42718368679245,-3.690003428301887,0.0,2022-05-13 12:03:13.527084,0.0,0.0
40.427273497169814,-3.6899871132075472,0.0,2022-05-13 12:03:15.215502,0.0,0.0
40.427363307547175,-3.689970798113207,0.0,2022-05-13 12:03:16.903920,806.233091957015,923.4608692454933
40.42745311792453,-3.689954483018868,0.0,2022-05-13 12:03:18.592338,806.2327094939728,923.4604155798296
40.42754292830189,-3.6899381679245282,0.0,2022-05-13 12:03:20.280756,0.0,0.0
40.42763273867925,-3.6899218528301883,0.0,2022-05-13 12:03:21.969174,0.0,0.0
40.427722549056604,-3.6899055377358496,0.0,2022-05-13 12:03:23.657592,806.2315620887134,923.4590545670835
40.427812359433965,-3.6898892226415096,0.0,2022-05-13 12:03:25.346010,806.2311796149162,923.4586008909164
40.427902169811325,-3.6898729075471692,0.0,2022-05-13 12:03:27.034428,806.2307971384295,923.4581472121231
40.42799198018868,-3.6898565924528306,0.0,2022-05-13 12:03:28.722846,0.0,0.0
40.42808179056604,-3.6898402773584906,0.0,2022-05-13 12:03:30.411264,0.0,0.0
40.4281716009434,-3.6898239622641507,0.0,2022-05-13 12:03:32.099682,0.0,0.0
40.428261411320754,-3.689807647169812,0.0,2022-05-13 12:03:33.788100,0.0,0.0
40.428351221698115,-3.6897913320754716,0.0,2022-05-13 12:03:35.476518,0.0,0.0
40.428441032075476,-3.6897750169811316,0.0,2022-05-13 12:03:37.164936,806.2285022230448,923.4554250842189
40.42853084245283,-3.689758701886793,0.0,2022-05-13 12:03:38.853354,806.2281197277371,923.4549713870442
40.42862065283019,-3.689742386792453,0.0,2022-05-13 12:03:40.541772,806.2277372297393,923.4545176872433
40.42871046320755,-3.689726071698113,0.0,2022-05-13 12:03:42.230190,806.2273547290532,923.4540639848165
40.428800273584905,-3.6897097566037744,0.0,2022-05-13 12:03:43.918608,806.2269722256777,942.3348770123278
40.428890083962266,-3.689693441509434,0.0,2022-05-13 12:03:45.607026,806.2265897196143,942.3347911233479
40.428979894339626,-3.689677126415094,0.0,2022-05-13 12:03:47.295444,806.2262072108614,942.3347052315479
40.42906970471698,-3.6896608113207554,0.0,2022-05-13 12:03:48.983862,806.2258246994196,942.3346193369287
40.42915951509434,-3.6896444962264154,0.0,2022-05-13 12:03:50.672280,806.2254421852889,923.4517954332936
40.4292493254717,-3.6896281811320755,0.0,2022-05-13 12:03:52.360698,806.2250596684698,942.3344475392311
40.42933913584906,-3.6896118660377355,0.0,2022-05-13 12:03:54.049116,806.224677148962,923.4508879943031
40.429428946226416,-3.6895955509433964,0.0,2022-05-13 12:03:55.737534,806.2242946267645,923.4504342708688
40.42951875660378,-3.6895792358490564,0.0,2022-05-13 12:03:57.425952,806.2239121018787,923.4499805448083
40.42960856698114,-3.6895629207547165,0.0,2022-05-13 12:03:59.114370,0.0,0.0
40.42969837735849,-3.689546605660378,0.0,2022-05-13 12:04:00.802788,0.0,0.0
40.42978818773585,-3.689530290566038,0.0,2022-05-13 12:04:02.491206,0.0,0.0
40.42987799811321,-3.6895139754716975,0.0,2022-05-13 12:04:04.179624,808.1193702112888,924.0393276574678
40.42996780849057,-3.689497660377359,0.0,2022-05-13 12:04:05.868042,808.1189842521401,924.0388705368587
40.43005761886793,-3.689481345283019,0.0,2022-05-13 12:04:07.556460,808.1185982902998,924.0384134136223
40.43014742924529,-3.689465030188679,0.0,2022-05-13 12:04:09.244878,808.1182123257686,924.0379562877595
40.43023723962264,-3.6894487150943402,0.0,2022-05-13 12:04:10.933296,808.1178263585455,924.0374991592696
40.43032705,-3.6894324000000003,0.0,2022-05-13 12:04:12.621714,808.1174403886314,924.0370420281532
40.43041686037736,-3.68941608490566,0.0,2022-05-13 12:04:14.310132,808.1170544160254,924.0365848944095
40.43050667075472,-3.6893997698113212,0.0,2022-05-13 12:04:15.998550,808.1166684407283,924.0361277580396
40.43059648113208,-3.6893834547169813,0.0,2022-05-13 12:04:17.686968,808.1162824627396,924.0356706190425
40.43068629150944,-3.6893671396226413,0.0,2022-05-13 12:04:19.375386,0.0,0.0
40.43077610188679,-3.6893508245283027,0.0,2022-05-13 12:04:21.063804,0.0,0.0
40.43086591226415,-3.6893345094339622,0.0,2022-05-13 12:04:22.752222,808.1151245126248,924.0342991862908
40.430955722641514,-3.6893181943396223,0.0,2022-05-13 12:04:24.440640,808.11473852387,924.0338420367864
40.43104553301887,-3.6893018792452836,0.0,2022-05-13 12:04:26.129058,0.0,0.0
40.43113534339623,-3.6892855641509437,0.0,2022-05-13 12:04:27.817476,808.1139665382876,924.0329277298978
40.43122515377359,-3.6892692490566037,0.0,2022-05-13 12:04:29.505894,808.1135805414588,924.0324705725131
40.43131496415094,-3.6892529339622646,0.0,2022-05-13 12:04:31.194312,808.1131945419387,924.0320134125016
40.4314047745283,-3.6892366188679246,0.0,2022-05-13 12:04:32.882730,0.0,0.0
40.431494584905664,-3.6892203037735847,0.0,2022-05-13 12:04:34.571148,0.0,0.0
40.431584395283025,-3.6892039886792447,0.0,2022-05-13 12:04:36.259566,0.0,0.0
40.43167420566038,-3.689187673584906,0.0,2022-05-13 12:04:37.947984,808.1116505169447,924.0301847461882
40.43176401603774,-3.689171358490566,0.0,2022-05-13 12:04:39.636402,808.1112645039674,924.0297275730427
40.4318538264151,-3.6891550433962257,0.0,2022-05-13 12:04:41.324820,0.0,0.0
40.431943636792454,-3.689138728301887,0.0,2022-05-13 12:04:43.013238,0.0,0.0
40.432033447169815,-3.689122413207547,0.0,2022-05-13 12:04:44.701656,808.1101064488874,943.6546004972358
40.432123257547175,-3.689106098113207,0.0,2022-05-13 12:04:46.390074,808.1097204251448,943.6545117906893
40.43221306792453,-3.6890897830188685,0.0,2022-05-13 12:04:48.078492,808.1093343987109,943.6544230813197
40.43230287830189,-3.6890734679245285,0.0,2022-05-13 12:04:49.766910,808.1089483695854,943.6543343691264
40.43239268867925,-3.689057152830188,0.0,2022-05-13 12:04:51.455328,808.1085623377687,924.0265272874752
40.432482499056604,-3.6890408377358495,0.0,2022-05-13 12:04:53.143746,808.10817630326,943.6541569362705
40.432572309433965,-3.6890245226415095,0.0,2022-05-13 12:04:54.832164,808.1077902660604,943.6540682156078
40.432662119811326,-3.6890082075471695,0.0,2022-05-13 12:04:56.520582,808.1074042261693,924.0251556971157
40.43275193018868,-3.688991892452831,0.0,2022-05-13 12:04:58.209000,808.1070181835863,924.0246984950753
40.43284174056604,-3.6889755773584905,0.0,2022-05-13 12:04:59.897418,808.1066321383121,924.0242412904086
40.4329315509434,-3.6889592622641505,0.0,2022-05-13 12:05:01.585836,809.9897894781546,924.5967978455499
40.433021361320755,-3.688942947169812,0.0,2022-05-13 12:05:03.274254,0.0,0.0
40.433111171698116,-3.688926632075472,0.0,2022-05-13 12:05:04.962672,809.9890105633224,944.9574327719346
40.433200982075476,-3.688910316981132,0.0,2022-05-13 12:05:06.651090,809.9886211018653,924.5954161208533
40.43329079245283,-3.6888940018867933,0.0,2022-05-13 12:05:08.339508,0.0,0.0
40.43338060283019,-3.688877686792453,0.0,2022-05-13 12:05:10.027926,809.9878421708687,944.9571584283264
40.43347041320755,-3.688861371698113,0.0,2022-05-13 12:05:11.716344,0.0,0.0
40.433560223584905,-3.6888450566037743,0.0,2022-05-13 12:05:13.404762,809.9870632290974,944.9569755184539
40.433650033962266,-3.6888287415094343,0.0,2022-05-13 12:05:15.093180,809.98667375417,944.9568840592768
40.43373984433963,-3.6888124264150943,0.0,2022-05-13 12:05:16.781598,809.9862842765493,944.9567925972733
40.43382965471698,-3.6887961113207552,0.0,2022-05-13 12:05:18.470016,809.985894796235,944.9567011324432
40.43391946509434,-3.6887797962264153,0.0,2022-05-13 12:05:20.158434,809.9855053132264,944.9566096647859
40.4340092754717,-3.6887634811320753,0.0,2022-05-13 12:05:21.846852,0.0,0.0
40.43409908584906,-3.6887471660377353,0.0,2022-05-13 12:05:23.535270,0.0,0.0
40.434188896226416,-3.6887308509433967,0.0,2022-05-13 12:05:25.223688,809.9843368480376,944.9563352448537
40.43427870660378,-3.6887145358490567,0.0,2022-05-13 12:05:26.912106,809.9839473542534,924.5898889855802
40.43436851698114,-3.6886982207547163,0.0,2022-05-13 12:05:28.600524,809.9835578577746,924.5894283738944
40.43445832735849,-3.6886819056603777,0.0,2022-05-13 12:05:30.288942,809.9831683586028,924.5889677595814
40.43454813773585,-3.6886655905660377,0.0,2022-05-13 12:05:31.977360,809.9827788567368,924.5885071426405
40.43463794811321,-3.6886492754716977,0.0,2022-05-13 12:05:33.665778,809.9823893521772,924.5880465230723
40.43472775849057,-3.688632960377359,0.0,2022-05-13 12:05:35.354196,809.9819998449229,924.5875859008761
40.43481756886793,-3.688616645283019,0.0,2022-05-13 12:05:37.042614,809.9816103349756,924.5871252760528
40.43490737924529,-3.6886003301886787,0.0,2022-05-13 12:05:38.731032,0.0,0.0
40.43499718962264,-3.68858401509434,0.0,2022-05-13 12:05:40.419450,809.9808313069984,944.955511832406
40.435087,-3.6885677,0.0,2022-05-13 12:05:42.107868,0.0,0.0
40.435087,-3.6885677,0.0,2022-05-13 12:05:43.796286,0.0,0.0
40.43517056181818,-3.6886154563636353,0.0,2022-05-13 12:05:45.484704,0.0,0.0
40.43525412363637,-3.6886632127272745,0.0,2022-05-13 12:05:47.173122,0.0,0.0
40.43533768545455,-3.6887109690909097,0.0,2022-05-13 12:05:48.861540,809.9779381726377,924.584032623552
40.43542124727273,-3.6887587254545444,0.0,2022-05-13 12:05:50.549958,809.9771036306903,924.5834623657765
40.435504809090915,-3.6888064818181836,0.0,2022-05-13 12:05:52.238376,809.976269087158,924.582892106157
40.435588370909095,-3.688854238181819,0.0,2022-05-13 12:05:53.926794,809.97543454204,944.9529551825626
40.435671932727274,-3.688901994545454,0.0,2022-05-13 12:05:55.615212,809.9745999953378,944.9525443166667
40.435755494545454,-3.688949750909089,0.0,2022-05-13 12:05:57.303630,809.9737654470506,924.5811813162364
40.43583905636364,-3.6889975072727283,0.0,2022-05-13 12:05:58.992048,809.9729308971778,944.9517225777406
40.43592261818182,-3.6890452636363635,0.0,2022-05-13 12:06:00.680466,811.842193637094,925.1349671281276
40.43600618,-3.6890930199999983,0.0,2022-05-13 12:06:02.368884,811.8413592991578,925.1343982815322
40.436089741818186,-3.6891407763636375,0.0,2022-05-13 12:06:04.057302,0.0,0.0
40.436173303636366,-3.6891885327272727,0.0,2022-05-13 12:06:05.745720,0.0,0.0
40.436256865454546,-3.689236289090908,0.0,2022-05-13 12:06:07.434138,0.0,0.0
40.43634042727273,-3.689284045454547,0.0,2022-05-13 12:06:09.122556,811.838021931444,925.1321228766235
40.43642398909091,-3.689331801818182,0.0,2022-05-13 12:06:10.810974,811.8371875855233,925.131554020765
40.43650755090909,-3.689379558181817,0.0,2022-05-13 12:06:12.499392,811.8363532380056,925.1309851630537
40.43659111272728,-3.689427314545456,0.0,2022-05-13 12:06:14.187810,811.8355188888911,925.1304163034898
40.43667467454546,-3.6894750709090913,0.0,2022-05-13 12:06:15.876228,811.8346845381797,925.1298474420732
40.43675823636364,-3.6895228272727265,0.0,2022-05-13 12:06:17.564646,811.8338501858709,925.1292785788041
40.43684179818182,-3.6895705836363617,0.0,2022-05-13 12:06:19.253064,811.8330158319659,925.1287097136827
40.436925360000004,-3.689618340000001,0.0,2022-05-13 12:06:20.941482,811.8321814764644,925.1281408467086
40.43700892181818,-3.689666096363636,0.0,2022-05-13 12:06:22.629900,811.8313471193652,925.1275719778818
40.43709248363636,-3.689713852727271,0.0,2022-05-13 12:06:24.318318,811.8305127606698,925.1270031072025
40.43717604545455,-3.68976160909091,0.0,2022-05-13 12:06:26.006736,811.8296784003775,925.1264342346707
40.43725960727273,-3.689809365454545,0.0,2022-05-13 12:06:27.695154,811.8288440384872,925.125865360286
40.43734316909091,-3.6898571218181804,0.0,2022-05-13 12:06:29.383572,811.8280096750009,925.1252964840492
40.437426730909095,-3.6899048781818196,0.0,2022-05-13 12:06:31.071990,811.8271753099176,925.1247276059594
40.437510292727275,-3.6899526345454547,0.0,2022-05-13 12:06:32.760408,811.8263409432383,925.1241587260174
40.437593854545455,-3.69000039090909,0.0,2022-05-13 12:06:34.448826,811.8255065749612,946.2280953890147
40.43767741636364,-3.690048147272729,0.0,2022-05-13 12:06:36.137244,0.0,0.0
40.43776097818182,-3.690095903636364,0.0,2022-05-13 12:06:37.825662,0.0,0.0
40.43784454,-3.690143659999999,0.0,2022-05-13 12:06:39.514080,0.0,0.0
40.43792810181819,-3.6901914163636382,0.0,2022-05-13 12:06:41.202498,0.0,0.0
40.43801166363637,-3.6902391727272734,0.0,2022-05-13 12:06:42.890916,811.8213347096256,925.1207454074614
40.438095225454546,-3.6902869290909086,0.0,2022-05-13 12:06:44.579334,0.0,0.0
40.438178787272726,-3.690334685454544,0.0,2022-05-13 12:06:46.267752,811.8196659523137,925.1196076197891
40.43826234909091,-3.690382441818183,0.0,2022-05-13 12:06:47.956170,0.0,0.0
40.43834591090909,-3.6904301981818177,0.0,2022-05-13 12:06:49.644588,0.0,0.0
40.43842947272727,-3.690477954545453,0.0,2022-05-13 12:06:51.333006,811.8171628043699,925.117900924387
40.43851303454546,-3.690525710909092,0.0,2022-05-13 12:06:53.021424,811.8163284185284,925.1173320222146
40.43859659636364,-3.6905734672727273,0.0,2022-05-13 12:06:54.709842,811.8154940310903,946.2231912059538
40.43868015818182,-3.6906212236363625,0.0,2022-05-13 12:06:56.398260,0.0,0.0
40.438763720000004,-3.6906689800000017,0.0,2022-05-13 12:06:58.086678,0.0,0.0
40.438847281818184,-3.6907167363636364,0.0,2022-05-13 12:06:59.775096,811.812990859195,925.115056395
40.43893084363636,-3.6907644927272716,0.0,2022-05-13 12:07:01.463514,813.6688580206461,925.6514569109654
40.43901440545455,-3.6908122490909108,0.0,2022-05-13 12:07:03.151932,813.6680238639995,925.6508894362104
40.43909796727273,-3.690860005454546,0.0,2022-05-13 12:07:04.840350,813.667189705744,925.6503219595936
40.43918152909091,-3.690907761818181,0.0,2022-05-13 12:07:06.528768,813.6663555458802,925.6497544811159
40.43926509090909,-3.6909555181818163,0.0,2022-05-13 12:07:08.217186,813.6655213844074,925.6491870007766
40.439348652727276,-3.6910032745454555,0.0,2022-05-13 12:07:09.905604,813.6646872213267,925.6486195185763
40.439432214545455,-3.6910510309090903,0.0,2022-05-13 12:07:11.594022,813.663853056637,925.6480520345144
40.439515776363635,-3.6910987872727254,0.0,2022-05-13 12:07:13.282440,813.6630188903397,925.6474845485917
40.43959933818182,-3.6911465436363646,0.0,2022-05-13 12:07:14.970858,813.6621847224325,925.6469170608068
40.4396829,-3.6911943,0.0,2022-05-13 12:07:16.659276,813.6613505529178,925.6463495711614
40.4396829,-3.6911943,0.0,2022-05-13 12:07:18.347694,813.6613505529178,925.6463495711614
40.439827300000005,-3.6910790499999973,0.0,2022-05-13 12:07:20.036112,813.6613714727984,925.6457856589504
40.4399717,-3.6909638,0.0,2022-05-13 12:07:21.724530,813.6613923801386,925.6452217338609
40.4399717,-3.6909638,0.0,2022-05-13 12:07:23.412948,813.6613923801386,925.6452217338609
40.44007160909091,-3.690993336363636,0.0,2022-05-13 12:07:25.101366,813.6605988182985,925.6446012956937
40.44017151818182,-3.6910228727272734,0.0,2022-05-13 12:07:26.789784,0.0,0.0
40.44027142727273,-3.6910524090909087,0.0,2022-05-13 12:07:28.478202,813.6590116874243,925.6433604118608
40.44037133636363,-3.6910819454545445,0.0,2022-05-13 12:07:30.166620,0.0,0.0
40.440471245454546,-3.691111481818182,0.0,2022-05-13 12:07:31.855038,0.0,0.0
40.44057115454545,-3.691141018181818,0.0,2022-05-13 12:07:33.543456,0.0,0.0
40.440671063636366,-3.6911705545454554,0.0,2022-05-13 12:07:35.231874,0.0,0.0
40.44077097272727,-3.691200090909091,0.0,2022-05-13 12:07:36.920292,0.0,0.0
40.44087088181818,-3.6912296272727265,0.0,2022-05-13 12:07:38.608710,813.6542502372524,947.4814727705406
40.44097079090909,-3.691259163636364,0.0,2022-05-13 12:07:40.297128,813.6534566538309,925.63901723971
40.4410707,-3.6912887,0.0,2022-05-13 12:07:41.985546,813.6526630680117,925.6383967765477
40.4410707,-3.6912887,0.0,2022-05-13 12:07:43.673964,813.6526630680117,925.6383967765477
40.44114544999999,-3.691143900000007,0.0,2022-05-13 12:07:45.362382,813.6533034010154,925.6382842231892
40.4412202,-3.6909991,0.0,2022-05-13 12:07:47.050800,813.6539437255011,925.638171660152
40.4412202,-3.6909991,0.0,2022-05-13 12:07:48.739218,813.6539437255011,925.638171660152
40.44114275,-3.690919725,0.0,2022-05-13 12:07:50.427636,813.6549765290177,925.6387716485392
40.4410653,-3.69084035,0.0,2022-05-13 12:07:52.116054,0.0,0.0
40.44098785,-3.690760975,0.0,2022-05-13 12:07:53.804472,813.6570421309185,925.6399716183266
40.4409104,-3.6906816,0.0,2022-05-13 12:07:55.492890,0.0,0.0
40.44083295,-3.690602225,0.0,2022-05-13 12:07:57.181308,813.659107725975,947.4847005991976
40.4407555,-3.69052285,0.0,2022-05-13 12:07:58.869726,813.6601405209371,947.4852537538218
40.44067805,-3.690443475,0.0,2022-05-13 12:08:00.558144,0.0,0.0
40.4406006,-3.6903641,0.0,2022-05-13 12:08:02.246562,0.0,0.0
40.4406006,-3.6903641,0.0,2022-05-13 12:08:03.934980,0.0,0.0
40.4406745,-3.6901162,0.0,2022-05-13 12:08:05.623398,0.0,0.0
40.4406745,-3.6901162,0.0,2022-05-13 12:08:07.311816,0.0,0.0
