Latitud,Longitud,Tunel,Tiempo,GHI,POA
40.4055932,-3.7005444,0.0,2021-05-13 11:50:54.000000,780.9210066822873,914.6264013207416
40.4055116,-3.7008942,0.0,2021-05-13 11:50:56.971429,780.9185341853466,923.6272112962284
40.4055116,-3.7008942,0.0,2021-05-13 11:50:59.942858,780.9185341853466,923.6272112962284
40.4055116,-3.7008942,0.0,2021-05-13 11:51:02.914287,782.9855980946782,925.1941112362277
40.4055116,-3.7008942,0.0,2021-05-13 11:51:05.885716,782.9855980946782,925.1941112362277
40.4054196,-3.7013145,0.0,2021-05-13 11:51:08.857145,782.982619957501,915.4519108472796
40.4054196,-3.7013145,0.0,2021-05-13 11:51:11.828574,782.982619957501,915.4519108472796
40.4054196,-3.7013145,0.0,2021-05-13 11:51:14.800003,782.982619957501,915.4519108472796
40.4052877,-3.7020035,0.0,2021-05-13 11:51:17.771432,0.0,0.0
40.4052877,-3.7020035,0.0,2021-05-13 11:51:20.742861,0.0,0.0
40.4052877,-3.7020035,0.0,2021-05-13 11:51:23.714290,0.0,0.0
40.40512409999999,-3.7022481,0.0,2021-05-13 11:51:26.685719,782.976483907099,915.4503823496219
40.4052149,-3.7026864,0.0,2021-05-13 11:51:29.657148,782.9723959043008,915.4484822208353
40.4050252,-3.7026,0.0,2021-05-13 11:51:32.628577,782.9741053378518,915.4497418262582
40.4052149,-3.7026864,0.0,2021-05-13 11:51:35.600006,782.9723959043008,915.4484822208353
40.4052149,-3.7026864,0.0,2021-05-13 11:51:38.571435,782.9723959043008,915.4484822208353
40.4052525,-3.7030826,0.0,2021-05-13 11:51:41.542864,782.9689344709682,915.4469936938777
40.4052525,-3.7030826,0.0,2021-05-13 11:51:44.514293,782.9689344709682,915.4469936938777
40.4052829,-3.7035441,0.0,2021-05-13 11:51:47.485722,782.9649729631312,915.4453287950068
40.4052829,-3.7035441,0.0,2021-05-13 11:51:50.457151,782.9649729631312,915.4453287950068
40.4052829,-3.7035441,0.0,2021-05-13 11:51:53.428580,782.9649729631312,915.4453287950068
40.4052829,-3.7035441,0.0,2021-05-13 11:51:56.400009,782.9649729631312,915.4453287950068
40.4052829,-3.7035441,0.0,2021-05-13 11:51:59.371438,782.9649729631312,915.4453287950068
40.4053622,-3.7038816,0.0,2021-05-13 11:52:02.342867,0.0,0.0
40.4053622,-3.7038816,0.0,2021-05-13 11:52:05.314296,0.0,0.0
40.4053622,-3.7038816,0.0,2021-05-13 11:52:08.285725,0.0,0.0
40.4054725,-3.7043057,0.0,2021-05-13 11:52:11.257154,785.0121384072959,916.2511039520473
40.4054725,-3.7043057,0.0,2021-05-13 11:52:14.228583,785.0121384072959,916.2511039520473
40.4054725,-3.7043057,0.0,2021-05-13 11:52:17.200012,785.0121384072959,916.2511039520473
40.4055121,-3.7048355,0.0,2021-05-13 11:52:20.171441,785.0075917258727,916.2492056786492
40.4055121,-3.7048355,0.0,2021-05-13 11:52:23.142870,785.0075917258727,916.2492056786492
40.4055121,-3.7048355,0.0,2021-05-13 11:52:26.114299,785.0075917258727,916.2492056786492
40.4055121,-3.7048355,0.0,2021-05-13 11:52:29.085728,785.0075917258727,916.2492056786492
40.4055736,-3.7052042,0.0,2021-05-13 11:52:32.057157,785.0042480031265,916.2477088202834
40.4055736,-3.7052042,0.0,2021-05-13 11:52:35.028586,785.0042480031265,916.2477088202834
40.4055736,-3.7052042,0.0,2021-05-13 11:52:38.000015,785.0042480031265,916.2477088202834
40.4056491,-3.7056499,0.0,2021-05-13 11:52:40.971444,785.000199823361,916.2458933203163
40.4056491,-3.7056499,0.0,2021-05-13 11:52:43.942873,785.000199823361,916.2458933203163
40.4056491,-3.7056499,0.0,2021-05-13 11:52:46.914302,785.000199823361,916.2458933203163
40.4056491,-3.7056499,0.0,2021-05-13 11:52:49.885731,785.000199823361,916.2458933203163
40.4056491,-3.7056499,0.0,2021-05-13 11:52:52.857160,785.000199823361,916.2458933203163
40.4057404,-3.7060415,0.0,2021-05-13 11:52:55.828589,784.9965109311382,916.2441688736494
40.4057404,-3.7060415,0.0,2021-05-13 11:52:58.800018,784.9965109311382,916.2441688736494
40.4057404,-3.7060415,0.0,2021-05-13 11:53:01.771447,787.0381832399215,917.03537112961
40.4057404,-3.7060415,0.0,2021-05-13 11:53:04.742876,787.0381832399215,917.03537112961
40.4058833,-3.706439,0.0,2021-05-13 11:53:07.714305,787.0341891435424,917.0333856189717
40.4058833,-3.706439,0.0,2021-05-13 11:53:10.685734,787.0341891435424,917.0333856189717
40.4058833,-3.706439,0.0,2021-05-13 11:53:13.657163,787.0341891435424,917.0333856189717
40.4058833,-3.706439,0.0,2021-05-13 11:53:16.628592,787.0341891435424,917.0333856189717
40.4058833,-3.706439,0.0,2021-05-13 11:53:19.600021,787.0341891435424,917.0333856189717
40.4059252,-3.7068954,0.0,2021-05-13 11:53:22.571450,787.0302532177377,917.0317417792389
40.4059252,-3.7068954,0.0,2021-05-13 11:53:25.542879,787.0302532177377,917.0317417792389
40.4059252,-3.7068954,0.0,2021-05-13 11:53:28.514308,787.0302532177377,917.0317417792389
40.405988,-3.7073515,0.0,2021-05-13 11:53:31.485737,0.0,0.0
40.405988,-3.7073515,0.0,2021-05-13 11:53:34.457166,0.0,0.0
40.405988,-3.7073515,0.0,2021-05-13 11:53:37.428595,0.0,0.0
40.405988,-3.7073515,0.0,2021-05-13 11:53:40.400024,0.0,0.0
40.405988,-3.7073515,0.0,2021-05-13 11:53:43.371453,0.0,0.0
40.405988,-3.7073515,0.0,2021-05-13 11:53:46.342882,0.0,0.0
40.4060649,-3.7079099,0.0,2021-05-13 11:53:49.314311,787.0212564455645,928.2283580047094
40.4060649,-3.7079099,0.0,2021-05-13 11:53:52.285740,787.0212564455645,928.2283580047094
40.4060649,-3.7079099,0.0,2021-05-13 11:53:55.257169,787.0212564455645,928.2283580047094
40.4060649,-3.7079099,0.0,2021-05-13 11:53:58.228598,787.0212564455645,928.2283580047094
40.4061024,-3.7086779,0.0,2021-05-13 11:54:01.200027,789.0437193935662,929.7351071377325
40.4061024,-3.7086779,0.0,2021-05-13 11:54:04.171456,789.0437193935662,929.7351071377325
40.4061024,-3.7086779,0.0,2021-05-13 11:54:07.142885,789.0437193935662,929.7351071377325
40.40613889999999,-3.7089508,0.0,2021-05-13 11:54:10.114314,789.0413179164427,929.7334045124878
40.4063197,-3.7092744,0.0,2021-05-13 11:54:13.085743,789.0377344510318,917.7955290327764
40.4063197,-3.7092744,0.0,2021-05-13 11:54:16.057172,789.0377344510318,917.7955290327764
40.4063071,-3.7095684,0.0,2021-05-13 11:54:19.028601,789.0354250861252,917.7946976350344
40.4062917,-3.7096275,0.0,2021-05-13 11:54:22.000030,789.0350297018736,917.7945978175344
40.406311,-3.7098384,0.0,2021-05-13 11:54:24.971459,789.0332214425002,917.7938531463197
40.406311,-3.7098384,0.0,2021-05-13 11:54:27.942888,789.0332214425002,917.7938531463197
40.4063711,-3.7101012,0.0,2021-05-13 11:54:30.914317,789.030775288361,917.7927366089685
40.4063711,-3.7101012,0.0,2021-05-13 11:54:33.885746,789.030775288361,917.7927366089685
40.4063711,-3.7101012,0.0,2021-05-13 11:54:36.857175,789.030775288361,917.7927366089685
40.4064373,-3.7103901,0.0,2021-05-13 11:54:39.828604,789.0280854792281,917.7915084760546
40.4064373,-3.7103901,0.0,2021-05-13 11:54:42.800033,789.0280854792281,917.7915084760546
40.4064614,-3.7106131,0.0,2021-05-13 11:54:45.771462,789.0261536858405,917.7907017173944
40.406492,-3.7106479,0.0,2021-05-13 11:54:48.742891,789.0257086167867,917.7904354131289
40.4065352,-3.7108669,0.0,2021-05-13 11:54:51.714320,789.0237069560288,917.7895409303476
40.4065905,-3.7109436,0.0,2021-05-13 11:54:54.685749,789.0227909831076,917.7890175095939
40.4065905,-3.7109436,0.0,2021-05-13 11:54:57.657178,789.0227909831076,917.7890175095939
40.4066449,-3.7108397,0.0,2021-05-13 11:55:00.628607,791.0394183977951,918.5442898539369
40.4066638,-3.7112653,0.0,2021-05-13 11:55:03.600036,791.035897937896,918.5429221951622
40.4151318,-3.7077766,0.0,2021-05-13 11:55:06.571465,0.0,0.0
40.4069559,-3.7114504,0.0,2021-05-13 11:55:09.542894,791.032839336208,918.5408347915616
40.4069559,-3.7114504,0.0,2021-05-13 11:55:12.514323,791.032839336208,918.5408347915616
40.4069559,-3.7114504,0.0,2021-05-13 11:55:15.485752,791.032839336208,918.5408347915616
40.4071995,-3.7114128,0.0,2021-05-13 11:55:18.457181,791.0318306012624,918.5396660347252
40.4071995,-3.7114128,0.0,2021-05-13 11:55:21.428610,791.0318306012624,918.5396660347252
40.4074297,-3.7113634,0.0,2021-05-13 11:55:24.400039,0.0,0.0
40.4076055,-3.7113171,0.0,2021-05-13 11:55:27.371468,791.0304146824606,918.5378165036223
40.4077992,-3.7112042,0.0,2021-05-13 11:55:30.342897,0.0,0.0
40.4077992,-3.7112042,0.0,2021-05-13 11:55:33.314326,0.0,0.0
40.4080456,-3.7110665,0.0,2021-05-13 11:55:36.285755,0.0,0.0
40.4081369,-3.7110169,0.0,2021-05-13 11:55:39.257184,0.0,0.0
40.4081369,-3.7110169,0.0,2021-05-13 11:55:42.228613,0.0,0.0
40.4085147,-3.7108282,0.0,2021-05-13 11:55:45.200042,0.0,0.0
40.4084994,-3.7107416,0.0,2021-05-13 11:55:48.171471,0.0,0.0
40.4085945,-3.7106762,0.0,2021-05-13 11:55:51.142900,0.0,0.0
40.4087878,-3.7105385,0.0,2021-05-13 11:55:54.114329,791.0303066679598,931.2121301737425
40.4087878,-3.7105385,0.0,2021-05-13 11:55:57.085758,791.0303066679598,931.2121301737425
40.4089076,-3.7104064,0.0,2021-05-13 11:56:00.057187,793.0337426232904,932.6868432551888
40.4090393,-3.7102575,0.0,2021-05-13 11:56:03.028616,0.0,0.0
40.4093138,-3.7102314,0.0,2021-05-13 11:56:06.000045,793.0329410356038,919.2690661319225
40.4093126,-3.7100299,0.0,2021-05-13 11:56:08.971474,793.0345555701742,932.6883287312153
40.4093126,-3.7100299,0.0,2021-05-13 11:56:11.942903,793.0345555701742,932.6883287312153
40.40948,-3.7099029,0.0,2021-05-13 11:56:14.914332,0.0,0.0
40.4095681,-3.7098262,0.0,2021-05-13 11:56:17.885761,0.0,0.0
40.4095681,-3.7098262,0.0,2021-05-13 11:56:20.857190,0.0,0.0
40.4097048,-3.7096974,0.0,2021-05-13 11:56:23.828619,0.0,0.0
40.4097048,-3.7096974,0.0,2021-05-13 11:56:26.800048,0.0,0.0
40.4098879,-3.7096012,0.0,2021-05-13 11:56:29.771477,0.0,0.0
40.4098879,-3.7096012,0.0,2021-05-13 11:56:32.742906,0.0,0.0
40.4101103,-3.7094467,0.0,2021-05-13 11:56:35.714335,0.0,0.0
40.4101795,-3.70937,0.0,2021-05-13 11:56:38.685764,0.0,0.0
40.4102743,-3.7092941,0.0,2021-05-13 11:56:41.657193,0.0,0.0
40.4104456,-3.709204,0.0,2021-05-13 11:56:44.628622,0.0,0.0
40.4105368,-3.7090652,0.0,2021-05-13 11:56:47.600051,0.0,0.0
40.4106499,-3.7089285,0.0,2021-05-13 11:56:50.571480,0.0,0.0
40.4106499,-3.7089285,0.0,2021-05-13 11:56:53.542909,0.0,0.0
40.4108269,-3.7088033,0.0,2021-05-13 11:56:56.514338,793.0361487360361,919.2652204181751
40.4108269,-3.7088033,0.0,2021-05-13 11:56:59.485767,793.0361487360361,919.2652204181751
40.4110482,-3.7086772,0.0,2021-05-13 11:57:02.457196,0.0,0.0
40.4110482,-3.7086772,0.0,2021-05-13 11:57:05.428625,0.0,0.0
40.4111498,-3.7085413,0.0,2021-05-13 11:57:08.400054,795.0263382442256,934.1490024326918
40.4112563,-3.7084254,0.0,2021-05-13 11:57:11.371483,795.0266774751723,919.9827472250189
40.4112563,-3.7084254,0.0,2021-05-13 11:57:14.342912,795.0266774751723,919.9827472250189
40.4114248,-3.7083245,0.0,2021-05-13 11:57:17.314341,0.0,0.0
40.41159,-3.7082489,0.0,2021-05-13 11:57:20.285770,0.0,0.0
40.4117274,-3.7081329,0.0,2021-05-13 11:57:23.257199,0.0,0.0
40.4119781,-3.7079765,0.0,2021-05-13 11:57:26.228628,0.0,0.0
40.4119781,-3.7079765,0.0,2021-05-13 11:57:29.200057,0.0,0.0
40.4121311,-3.7078293,0.0,2021-05-13 11:57:32.171486,0.0,0.0
40.4121311,-3.7078293,0.0,2021-05-13 11:57:35.142915,0.0,0.0
40.4124037,-3.7077549,0.0,2021-05-13 11:57:38.114344,0.0,0.0
40.4126586,-3.7076006,0.0,2021-05-13 11:57:41.085773,0.0,0.0
40.4126586,-3.7076006,0.0,2021-05-13 11:57:44.057202,0.0,0.0
40.4126586,-3.7076006,0.0,2021-05-13 11:57:47.028631,0.0,0.0
40.4130515,-3.7075263,0.0,2021-05-13 11:57:50.000060,795.0240347582574,934.1514558932874
40.4130515,-3.7075263,0.0,2021-05-13 11:57:52.971489,795.0240347582574,934.1514558932874
40.4132422,-3.7074996,0.0,2021-05-13 11:57:55.942918,0.0,0.0
40.4132422,-3.7074996,0.0,2021-05-13 11:57:58.914347,0.0,0.0
40.4136348,-3.7075141,0.0,2021-05-13 11:58:01.885776,796.9976260962035,935.5868207302582
40.4136348,-3.7075141,0.0,2021-05-13 11:58:04.857205,796.9976260962035,935.5868207302582
40.4136348,-3.7075141,0.0,2021-05-13 11:58:07.828634,796.9976260962035,935.5868207302582
40.4140328,-3.7076087,0.0,2021-05-13 11:58:10.800063,796.9947030468849,920.6707731474677
40.4140328,-3.7076087,0.0,2021-05-13 11:58:13.771492,796.9947030468849,920.6707731474677
40.4142667,-3.7076154,1.0,2021-05-13 11:58:16.742921,0.0,0.0
40.4142667,-3.7076154,1.0,2021-05-13 11:58:19.714350,0.0,0.0
40.4146722,-3.7077474,1.0,2021-05-13 11:58:22.685779,0.0,0.0
40.4146722,-3.7077474,1.0,2021-05-13 11:58:25.657208,0.0,0.0
40.4148578,-3.7077545,1.0,2021-05-13 11:58:28.628637,0.0,0.0
40.4149937,-3.7077283,1.0,2021-05-13 11:58:31.600066,0.0,0.0
40.4149937,-3.7077283,1.0,2021-05-13 11:58:34.571495,0.0,0.0
40.4153404,-3.7077756,1.0,2021-05-13 11:58:37.542924,0.0,0.0
40.4153404,-3.7077756,1.0,2021-05-13 11:58:40.514353,0.0,0.0
40.4155539,-3.7079346,1.0,2021-05-13 11:58:43.485782,0.0,0.0
40.4155539,-3.7079346,1.0,2021-05-13 11:58:46.457211,0.0,0.0
40.4158271,-3.7080511,1.0,2021-05-13 11:58:49.428640,0.0,0.0
40.4159701,-3.708032,1.0,2021-05-13 11:58:52.400069,0.0,0.0
40.4160522,-3.708029,1.0,2021-05-13 11:58:55.371498,0.0,0.0
40.41616090000001,-3.708018599999999,1.0,2021-05-13 11:58:58.342927,0.0,0.0
40.4162927,-3.7082602,1.0,2021-05-13 11:59:01.314356,0.0,0.0
40.4165617,-3.7084132,0.0,2021-05-13 11:59:04.285785,0.0,0.0
40.4165617,-3.7084132,0.0,2021-05-13 11:59:07.257214,0.0,0.0
40.4167264,-3.7084407,0.0,2021-05-13 11:59:10.228643,0.0,0.0
40.4167264,-3.7084407,0.0,2021-05-13 11:59:13.200072,0.0,0.0
40.4167547,-3.7084984,0.0,2021-05-13 11:59:16.171501,0.0,0.0
40.4169743,-3.7083161,0.0,2021-05-13 11:59:19.142930,0.0,0.0
40.4169743,-3.7083161,0.0,2021-05-13 11:59:22.114359,0.0,0.0
40.4172733,-3.7081039,0.0,2021-05-13 11:59:25.085788,0.0,0.0
40.4173617,-3.707997,0.0,2021-05-13 11:59:28.057217,0.0,0.0
40.4174466,-3.7078554,0.0,2021-05-13 11:59:31.028646,0.0,0.0
40.4174466,-3.7078554,0.0,2021-05-13 11:59:34.000075,0.0,0.0
40.4177367,-3.7075327,0.0,2021-05-13 11:59:36.971504,0.0,0.0
40.4177367,-3.7075327,0.0,2021-05-13 11:59:39.942933,0.0,0.0
40.418084,-3.707392,0.0,2021-05-13 11:59:42.914362,0.0,0.0
40.418084,-3.707392,0.0,2021-05-13 11:59:45.885791,0.0,0.0
40.4170833,-3.7079587,0.0,2021-05-13 11:59:48.857220,0.0,0.0
40.4182315,-3.7073383,0.0,2021-05-13 11:59:51.828649,798.9372884671317,921.331341718862
40.4182029,-3.7076174,0.0,2021-05-13 11:59:54.800078,0.0,0.0
40.4182029,-3.7076174,0.0,2021-05-13 11:59:57.771507,0.0,0.0
40.418274,-3.7078501,0.0,2021-05-13 12:00:00.742936,800.8833832340308,938.392715175036
40.418274,-3.7078501,0.0,2021-05-13 12:00:03.714365,800.8833832340308,938.392715175036
40.4183316,-3.7080741,0.0,2021-05-13 12:00:06.685794,800.8813242142082,938.3913643661164
40.4183524,-3.7081394,0.0,2021-05-13 12:00:09.657223,0.0,0.0
40.4183545,-3.7082205,0.0,2021-05-13 12:00:12.628652,0.0,0.0
40.4183721,-3.7083561,0.0,2021-05-13 12:00:15.600081,800.8789091583926,921.9920739114333
40.41834739999999,-3.7084689,0.0,2021-05-13 12:00:18.571510,800.8781694055081,921.991911960092
40.4184375,-3.708492,0.0,2021-05-13 12:00:21.542939,800.8774914631441,921.9913658786389
40.4186727,-3.7083309,0.0,2021-05-13 12:00:24.514368,0.0,0.0
40.4186727,-3.7083309,0.0,2021-05-13 12:00:27.485797,0.0,0.0
40.4189112,-3.7082169,0.0,2021-05-13 12:00:30.457226,0.0,0.0
40.4189112,-3.7082169,0.0,2021-05-13 12:00:33.428655,0.0,0.0
40.4189112,-3.7082169,0.0,2021-05-13 12:00:36.400084,0.0,0.0
40.4190423,-3.7082438,0.0,2021-05-13 12:00:39.371513,0.0,0.0
40.4193105,-3.7081818,0.0,2021-05-13 12:00:42.342942,0.0,0.0
40.4193105,-3.7081818,0.0,2021-05-13 12:00:45.314371,0.0,0.0
40.4195097,-3.7080904,0.0,2021-05-13 12:00:48.285800,0.0,0.0
40.4195097,-3.7080904,0.0,2021-05-13 12:00:51.257229,0.0,0.0
40.4196489,-3.708015,0.0,2021-05-13 12:00:54.228658,0.0,0.0
40.4197268,-3.7079781,0.0,2021-05-13 12:00:57.200087,0.0,0.0
40.4197268,-3.7079781,0.0,2021-05-13 12:01:00.171516,0.0,0.0
40.419873,-3.707913,0.0,2021-05-13 12:01:03.142945,802.811168000788,922.6312215161689
40.4200359,-3.7080922,0.0,2021-05-13 12:01:06.114374,802.8088791734211,922.6298834942594
40.4200359,-3.7080922,0.0,2021-05-13 12:01:09.085803,802.8088791734211,922.6298834942594
40.4200359,-3.7080922,0.0,2021-05-13 12:01:12.057232,802.8088791734211,922.6298834942594
40.4201644,-3.7081985,0.0,2021-05-13 12:01:15.028661,802.8073442032648,922.628917188549
40.4201644,-3.7081985,0.0,2021-05-13 12:01:18.000090,802.8073442032648,922.628917188549
40.4203081,-3.7082385,0.0,2021-05-13 12:01:20.971519,802.8062362931591,922.628037192267
40.4204454,-3.708306,0.0,2021-05-13 12:01:23.942948,802.8049517708389,922.6271219060004
40.4204454,-3.708306,0.0,2021-05-13 12:01:26.914377,802.8049517708389,922.6271219060004
40.4205208,-3.7083661,0.0,2021-05-13 12:01:29.885806,802.8040686344846,922.6265606819214
40.4207859,-3.7083567,0.0,2021-05-13 12:01:32.857235,802.8026666749755,922.625148825456
40.4207859,-3.7083567,0.0,2021-05-13 12:01:35.828664,802.8026666749755,922.625148825456
40.4207859,-3.7083567,0.0,2021-05-13 12:01:38.800093,802.8026666749755,922.625148825456
40.4209049,-3.7082621,0.0,2021-05-13 12:01:41.771522,0.0,0.0
40.42105,-3.7082355,0.0,2021-05-13 12:01:44.742951,0.0,0.0
40.421215,-3.7081806,0.0,2021-05-13 12:01:47.714380,0.0,0.0
40.421215,-3.7081806,0.0,2021-05-13 12:01:50.685809,0.0,0.0
40.4213002,-3.7080513,0.0,2021-05-13 12:01:53.657238,802.8021626512875,939.7658679576498
40.4213673,-3.7080163,0.0,2021-05-13 12:01:56.628667,802.8020594958116,939.7659344810276
40.4216185,-3.7079996,0.0,2021-05-13 12:01:59.600096,0.0,0.0
40.4216185,-3.7079996,0.0,2021-05-13 12:02:02.571525,0.0,0.0
40.421708,-3.7079016,0.0,2021-05-13 12:02:05.542954,0.0,0.0
40.4218955,-3.7078711,0.0,2021-05-13 12:02:08.514383,0.0,0.0
40.4218955,-3.7078711,0.0,2021-05-13 12:02:11.485812,0.0,0.0
40.422111,-3.7078041,0.0,2021-05-13 12:02:14.457241,0.0,0.0
40.422111,-3.7078041,0.0,2021-05-13 12:02:17.428670,0.0,0.0
40.4223529,-3.7077525,0.0,2021-05-13 12:02:20.400099,0.0,0.0
40.4223529,-3.7077525,0.0,2021-05-13 12:02:23.371528,0.0,0.0
40.4223529,-3.7077525,0.0,2021-05-13 12:02:26.342957,0.0,0.0
40.4227128,-3.7076884,0.0,2021-05-13 12:02:29.314386,0.0,0.0
40.4227128,-3.7076884,0.0,2021-05-13 12:02:32.285815,0.0,0.0
40.4227128,-3.7076884,0.0,2021-05-13 12:02:35.257244,0.0,0.0
40.4229598,-3.7075912,0.0,2021-05-13 12:02:38.228673,0.0,0.0
40.4229598,-3.7075912,0.0,2021-05-13 12:02:41.200102,0.0,0.0
40.4229598,-3.7075912,0.0,2021-05-13 12:02:44.171531,0.0,0.0
40.423258,-3.7075401,0.0,2021-05-13 12:02:47.142960,0.0,0.0
40.423258,-3.7075401,0.0,2021-05-13 12:02:50.114389,0.0,0.0
40.4234964,-3.7075342,0.0,2021-05-13 12:02:53.085818,0.0,0.0
40.4234964,-3.7075342,0.0,2021-05-13 12:02:56.057247,0.0,0.0
40.4234964,-3.7075342,0.0,2021-05-13 12:02:59.028676,0.0,0.0
40.4234998,-3.7075528,0.0,2021-05-13 12:03:02.000105,0.0,0.0
40.4234998,-3.7075528,0.0,2021-05-13 12:03:04.971534,0.0,0.0
40.4239795,-3.7075852,0.0,2021-05-13 12:03:07.942963,806.6251618222825,942.4664878728811
40.4239795,-3.7075852,0.0,2021-05-13 12:03:10.914392,806.6251618222825,942.4664878728811
40.4239795,-3.7075852,0.0,2021-05-13 12:03:13.885821,806.6251618222825,942.4664878728811
40.4242535,-3.7075931,0.0,2021-05-13 12:03:16.857250,806.6235616768316,942.465924866556
40.4244581,-3.70747,0.0,2021-05-13 12:03:19.828679,806.6233484838791,923.8452031084696
40.4244581,-3.70747,0.0,2021-05-13 12:03:22.800108,806.6233484838791,923.8452031084696
40.4244581,-3.70747,0.0,2021-05-13 12:03:25.771537,806.6233484838791,923.8452031084696
40.4249265,-3.7075428,0.0,2021-05-13 12:03:28.742966,806.6201617434252,923.8424678163266
40.4249265,-3.7075428,0.0,2021-05-13 12:03:31.714395,806.6201617434252,923.8424678163266
40.4249265,-3.7075428,0.0,2021-05-13 12:03:34.685824,806.6201617434252,923.8424678163266
40.4249265,-3.7075428,0.0,2021-05-13 12:03:37.657253,806.6201617434252,923.8424678163266
40.4253484,-3.7073676,0.0,2021-05-13 12:03:40.628682,0.0,0.0
40.4253484,-3.7073676,0.0,2021-05-13 12:03:43.600111,0.0,0.0
40.4253484,-3.7073676,0.0,2021-05-13 12:03:46.571540,0.0,0.0
40.4253484,-3.7073676,0.0,2021-05-13 12:03:49.542969,0.0,0.0
40.4257411,-3.7073525,0.0,2021-05-13 12:03:52.514398,806.6170311070796,942.464378310392
40.4257411,-3.7073525,0.0,2021-05-13 12:03:55.485827,806.6170311070796,942.464378310392
40.4257411,-3.7073525,0.0,2021-05-13 12:03:58.457256,806.6170311070796,942.464378310392
40.4257411,-3.7073525,0.0,2021-05-13 12:04:01.428685,808.5142135076518,943.7875802070268
40.4260922,-3.7070335,0.0,2021-05-13 12:04:04.400114,808.5146404821753,924.4290256363275
40.4260922,-3.7070335,0.0,2021-05-13 12:04:07.371543,808.5146404821753,924.4290256363275
40.4260922,-3.7070335,0.0,2021-05-13 12:04:10.342972,808.5146404821753,924.4290256363275
40.4260922,-3.7070335,0.0,2021-05-13 12:04:13.314401,808.5146404821753,924.4290256363275
40.4260922,-3.7070335,0.0,2021-05-13 12:04:16.285830,808.5146404821753,924.4290256363275
40.4260922,-3.7070335,0.0,2021-05-13 12:04:19.257259,808.5146404821753,924.4290256363275
40.4261983,-3.7067329,0.0,2021-05-13 12:04:22.228688,808.5163125091365,943.7899577264485
40.4264035,-3.7067482,0.0,2021-05-13 12:04:25.200117,0.0,0.0
40.4264035,-3.7067482,0.0,2021-05-13 12:04:28.171546,0.0,0.0
40.4264035,-3.7067482,0.0,2021-05-13 12:04:31.142975,0.0,0.0
40.4264035,-3.7067482,0.0,2021-05-13 12:04:34.114404,0.0,0.0
40.4268997,-3.7067061,0.0,2021-05-13 12:04:37.085833,0.0,0.0
40.4268997,-3.7067061,0.0,2021-05-13 12:04:40.057262,0.0,0.0
40.4268997,-3.7067061,0.0,2021-05-13 12:04:43.028691,0.0,0.0
40.4268997,-3.7067061,0.0,2021-05-13 12:04:46.000120,0.0,0.0
40.4268997,-3.7067061,0.0,2021-05-13 12:04:48.971549,0.0,0.0
40.4268997,-3.7067061,0.0,2021-05-13 12:04:51.942978,0.0,0.0
40.4268997,-3.7067061,0.0,2021-05-13 12:04:54.914407,0.0,0.0
40.4268997,-3.7067061,0.0,2021-05-13 12:04:57.885836,0.0,0.0
40.4273088,-3.7064138,0.0,2021-05-13 12:05:00.857265,810.3962140091704,924.9973936304325
40.4273088,-3.7064138,0.0,2021-05-13 12:05:03.828694,810.3962140091704,924.9973936304325
40.4273088,-3.7064138,0.0,2021-05-13 12:05:06.800123,810.3962140091704,924.9973936304325
40.4273088,-3.7064138,0.0,2021-05-13 12:05:09.771552,810.3962140091704,924.9973936304325
40.4273088,-3.7064138,0.0,2021-05-13 12:05:12.742981,810.3962140091704,924.9973936304325
40.4276595,-3.706232,0.0,2021-05-13 12:05:15.714410,810.3955866395394,924.9958686453621
40.4276595,-3.706232,0.0,2021-05-13 12:05:18.685839,810.3955866395394,924.9958686453621
40.4279111,-3.7062725,0.0,2021-05-13 12:05:21.657268,810.3938541027159,924.994389355297
40.4279111,-3.7062725,0.0,2021-05-13 12:05:24.628697,810.3938541027159,924.994389355297
40.4279111,-3.7062725,0.0,2021-05-13 12:05:27.600126,810.3938541027159,924.994389355297
40.4279111,-3.7062725,0.0,2021-05-13 12:05:30.571555,810.3938541027159,924.994389355297
40.4281957,-3.7061605,0.0,2021-05-13 12:05:33.542984,810.3930783151706,924.9930716596435
40.4281957,-3.7061605,0.0,2021-05-13 12:05:36.514413,810.3930783151706,924.9930716596435
40.4281957,-3.7061605,0.0,2021-05-13 12:05:39.485842,810.3930783151706,924.9930716596435
40.4285547,-3.7059833,0.0,2021-05-13 12:05:42.457271,0.0,0.0
40.4285547,-3.7059833,0.0,2021-05-13 12:05:45.428700,0.0,0.0
40.4285547,-3.7059833,0.0,2021-05-13 12:05:48.400129,0.0,0.0
40.4285547,-3.7059833,0.0,2021-05-13 12:05:51.371558,0.0,0.0
40.4288854,-3.7060198,0.0,2021-05-13 12:05:54.342987,810.3902173973698,924.9895836514212
40.4288854,-3.7060198,0.0,2021-05-13 12:05:57.314416,810.3902173973698,924.9895836514212
40.4288854,-3.7060198,0.0,2021-05-13 12:06:00.285845,812.260554733571,925.5451107785959
40.4290492,-3.7058552,0.0,2021-05-13 12:06:03.257274,0.0,0.0
40.4290492,-3.7058552,0.0,2021-05-13 12:06:06.228703,0.0,0.0
40.4293403,-3.7057619,0.0,2021-05-13 12:06:09.200132,812.2598797959922,946.3784218291122
40.4293403,-3.7057619,0.0,2021-05-13 12:06:12.171561,812.2598797959922,946.3784218291122
40.4293339,-3.7057735,0.0,2021-05-13 12:06:15.142990,812.2598299126574,946.3783751515643
40.429623,-3.7055328,0.0,2021-05-13 12:06:18.114419,812.2599729809759,925.5420857508166
40.429623,-3.7055328,0.0,2021-05-13 12:06:21.085848,812.2599729809759,925.5420857508166
40.429623,-3.7055328,0.0,2021-05-13 12:06:24.057277,812.2599729809759,925.5420857508166
40.4297498,-3.7054926,0.0,2021-05-13 12:06:27.028706,812.2595487744646,925.5414707691316
40.4297498,-3.7054926,0.0,2021-05-13 12:06:30.000135,812.2595487744646,925.5414707691316
40.4297498,-3.7054926,0.0,2021-05-13 12:06:32.971564,812.2595487744646,925.5414707691316
40.42981169999999,-3.7055654,0.0,2021-05-13 12:06:35.942993,812.2586532354354,925.5409689580073
40.429999,-3.7055255,0.0,2021-05-13 12:06:38.914422,812.2578815083342,925.5400180484677
40.429999,-3.7055255,0.0,2021-05-13 12:06:41.885851,812.2578815083342,925.5400180484677
40.429999,-3.7055255,0.0,2021-05-13 12:06:44.857280,812.2578815083342,925.5400180484677
40.4301564,-3.7056207,0.0,2021-05-13 12:06:47.828709,812.2562740835898,925.5389381503638
40.4301564,-3.7056207,0.0,2021-05-13 12:06:50.800138,812.2562740835898,925.5389381503638
40.4303875,-3.7055301,0.0,2021-05-13 12:06:53.771567,812.2556300143749,925.5378550790793
40.4303875,-3.7055301,0.0,2021-05-13 12:06:56.742996,812.2556300143749,925.5378550790793
40.4303875,-3.7055301,0.0,2021-05-13 12:06:59.714425,812.2556300143749,925.5378550790793
40.4303875,-3.7055301,0.0,2021-05-13 12:07:02.685854,814.11249965258,926.0753086901391
40.4305696,-3.7054593,0.0,2021-05-13 12:07:05.657283,814.1119788691931,926.0744445036765
40.4305696,-3.7054593,0.0,2021-05-13 12:07:08.628712,814.1119788691931,926.0744445036765
40.4305696,-3.7054593,0.0,2021-05-13 12:07:11.600141,814.1119788691931,926.0744445036765
40.4307898,-3.7053465,0.0,2021-05-13 12:07:14.571570,814.1115501529922,926.0734568278287
40.4307898,-3.7053465,0.0,2021-05-13 12:07:17.542999,814.1115501529922,926.0734568278287
40.4308607,-3.7053311,0.0,2021-05-13 12:07:20.514428,814.1112574120704,926.0730946916976
40.4308607,-3.7053311,0.0,2021-05-13 12:07:23.485857,814.1112574120704,926.0730946916976
40.4310968,-3.7052727,0.0,2021-05-13 12:07:26.457286,0.0,0.0
40.4310968,-3.7052727,0.0,2021-05-13 12:07:29.428715,0.0,0.0
40.4310968,-3.7052727,0.0,2021-05-13 12:07:32.400144,0.0,0.0
40.4310968,-3.7052727,0.0,2021-05-13 12:07:35.371573,0.0,0.0
40.4312279,-3.7052091,0.0,2021-05-13 12:07:38.343002,0.0,0.0
40.4312279,-3.7052091,0.0,2021-05-13 12:07:41.314431,0.0,0.0
40.4312279,-3.7052091,0.0,2021-05-13 12:07:44.285860,0.0,0.0
40.4314438,-3.7051452,0.0,2021-05-13 12:07:47.257289,814.1092878891371,947.6437193330524
40.4314438,-3.7051452,0.0,2021-05-13 12:07:50.228718,814.1092878891371,947.6437193330524
40.4314438,-3.7051452,0.0,2021-05-13 12:07:53.200147,814.1092878891371,947.6437193330524
40.4314438,-3.7051452,0.0,2021-05-13 12:07:56.171576,814.1092878891371,947.6437193330524
40.4314438,-3.7051452,0.0,2021-05-13 12:07:59.143005,814.1092878891371,947.6437193330524
40.4316472,-3.7050164,0.0,2021-05-13 12:08:02.114434,815.9524437957024,948.8912867744579
40.4316472,-3.7050164,0.0,2021-05-13 12:08:05.085863,815.9524437957024,948.8912867744579
40.4316472,-3.7050164,0.0,2021-05-13 12:08:08.057292,815.9524437957024,948.8912867744579
40.4317819,-3.7049583,0.0,2021-05-13 12:08:11.028721,0.0,0.0
40.4317819,-3.7049583,0.0,2021-05-13 12:08:14.000150,0.0,0.0
40.4317819,-3.7049583,0.0,2021-05-13 12:08:16.971579,0.0,0.0
40.4317819,-3.7049583,0.0,2021-05-13 12:08:19.943008,0.0,0.0
40.431995,-3.7048702,0.0,2021-05-13 12:08:22.914437,0.0,0.0
40.431995,-3.7048702,0.0,2021-05-13 12:08:25.885866,0.0,0.0
40.431995,-3.7048702,0.0,2021-05-13 12:08:28.857295,0.0,0.0
40.431995,-3.7048702,0.0,2021-05-13 12:08:31.828724,0.0,0.0
40.4321071,-3.7048401,0.0,2021-05-13 12:08:34.800153,0.0,0.0
40.4321302,-3.7048697,0.0,2021-05-13 12:08:37.771582,0.0,0.0
40.432309,-3.7048173,0.0,2021-05-13 12:08:40.743011,0.0,0.0
40.4324788,-3.7047814,0.0,2021-05-13 12:08:43.714440,815.9493762472559,926.5846078895607
40.4324962,-3.7047659,0.0,2021-05-13 12:08:46.685869,815.9493897488034,926.5845421927438
40.4326375,-3.7047069,0.0,2021-05-13 12:08:49.657298,815.9490084970641,926.5838724829193
40.4327698,-3.7045049,0.0,2021-05-13 12:08:52.628727,815.9497288412024,926.5835443254637
40.4327698,-3.7045049,0.0,2021-05-13 12:08:55.600156,815.9497288412024,926.5835443254637
40.4329872,-3.7044776,0.0,2021-05-13 12:08:58.571585,815.9486762655425,926.5823846173447
40.4329872,-3.7044776,0.0,2021-05-13 12:09:01.543014,817.7785060111189,927.0837344344184
40.4329872,-3.7044776,0.0,2021-05-13 12:09:04.514443,817.7785060111189,927.0837344344184
40.4331792,-3.7043531,0.0,2021-05-13 12:09:07.485872,817.7783013504444,927.082901197473
40.4331792,-3.7043531,0.0,2021-05-13 12:09:10.457301,817.7783013504444,927.082901197473
40.4333312,-3.7042951,0.0,2021-05-13 12:09:13.428730,817.7778437469389,927.0821618450108
40.4334193,-3.704319899999999,0.0,2021-05-13 12:09:16.400159,817.7771528456074,927.0816185368487
40.4335557,-3.7041741,0.0,2021-05-13 12:09:19.371588,0.0,0.0
40.4335557,-3.7041741,0.0,2021-05-13 12:09:22.343017,0.0,0.0
40.433638,-3.7039476,0.0,2021-05-13 12:09:25.314446,817.7785991499131,927.0811221989228
40.4337534,-3.7037204,0.0,2021-05-13 12:09:28.285875,817.7795863546141,950.1217682754159
40.4337534,-3.7037204,0.0,2021-05-13 12:09:31.257304,817.7795863546141,950.1217682754159
40.433821,-3.7034278,0.0,2021-05-13 12:09:34.228733,817.7813268965516,950.1230587579213
40.433821,-3.7034278,0.0,2021-05-13 12:09:37.200162,817.7813268965516,950.1230587579213
40.433874,-3.7032147,0.0,2021-05-13 12:09:40.171591,817.7825726984246,950.1239910548168
40.433874,-3.7032147,0.0,2021-05-13 12:09:43.143020,817.7825726984246,950.1239910548168
40.4339523,-3.702882,0.0,2021-05-13 12:09:46.114449,817.7845434129791,950.1254554594043
40.4339523,-3.702882,0.0,2021-05-13 12:09:49.085878,817.7845434129791,950.1254554594043
40.4340025,-3.7025773,0.0,2021-05-13 12:09:52.057307,817.786472819874,927.0817676101809
40.4340025,-3.7025773,0.0,2021-05-13 12:09:55.028736,817.786472819874,927.0817676101809
40.4340782,-3.7023537,0.0,2021-05-13 12:09:58.000165,817.787663609719,950.1277775977716
40.4340782,-3.7023537,0.0,2021-05-13 12:10:00.971594,819.6038384904373,951.3369645695092
40.4341176,-3.7021017,0.0,2021-05-13 12:10:03.943023,0.0,0.0
40.4341176,-3.7021017,0.0,2021-05-13 12:10:06.914452,0.0,0.0
40.4341831,-3.7018425,0.0,2021-05-13 12:10:09.885881,0.0,0.0
40.4341831,-3.7018425,0.0,2021-05-13 12:10:12.857310,0.0,0.0
40.4342829,-3.7015391,0.0,2021-05-13 12:10:15.828739,819.6085385748956,927.565377230504
40.4342829,-3.7015391,0.0,2021-05-13 12:10:18.800168,819.6085385748956,927.565377230504
40.4343757,-3.7012135,0.0,2021-05-13 12:10:21.771597,819.6103532771074,927.5654700625682
40.4343757,-3.7012135,0.0,2021-05-13 12:10:24.743026,819.6103532771074,927.5654700625682
40.4343939,-3.7010166,0.0,2021-05-13 12:10:27.714455,819.6116713127426,951.3427408854893
40.4343939,-3.7010166,0.0,2021-05-13 12:10:30.685884,819.6116713127426,951.3427408854893
40.434493,-3.7007811,0.0,2021-05-13 12:10:33.657313,819.6127977305885,927.5656267699624
40.434493,-3.7007811,0.0,2021-05-13 12:10:36.628742,819.6127977305885,927.5656267699624
40.4345623,-3.7004974,0.0,2021-05-13 12:10:39.600171,819.6144461001336,927.5657727431036
40.4345623,-3.7004974,0.0,2021-05-13 12:10:42.571600,819.6144461001336,927.5657727431036
40.4346352,-3.7002636,0.0,2021-05-13 12:10:45.543029,819.6157126424664,927.5658040013082
40.4346352,-3.7002636,0.0,2021-05-13 12:10:48.514458,819.6157126424664,927.5658040013082
40.4346352,-3.7002636,0.0,2021-05-13 12:10:51.485887,819.6157126424664,927.5658040013082
40.4346873,-3.6998425,0.0,2021-05-13 12:10:54.457316,819.6184546652664,951.3477798602057
40.4346873,-3.6998425,0.0,2021-05-13 12:10:57.428745,819.6184546652664,951.3477798602057
40.4347483,-3.6995267,0.0,2021-05-13 12:11:00.400174,821.4228371069638,952.5391639650621
40.4347483,-3.6995267,0.0,2021-05-13 12:11:03.371603,821.4228371069638,952.5391639650621
40.4348224,-3.6992509,0.0,2021-05-13 12:11:06.343032,821.4243833511081,952.540315000965
40.4348224,-3.6992509,0.0,2021-05-13 12:11:09.314461,821.4243833511081,952.540315000965
40.4348224,-3.6992509,0.0,2021-05-13 12:11:12.285890,821.4243833511081,952.540315000965
40.4348853,-3.6989247,0.0,2021-05-13 12:11:15.257319,821.4263567720219,928.0319186116757
40.4348853,-3.6989247,0.0,2021-05-13 12:11:18.228748,821.4263567720219,928.0319186116757
40.4349512,-3.6987247,0.0,2021-05-13 12:11:21.200177,821.4274068960162,928.0319094098604
40.4350449,-3.6984446,0.0,2021-05-13 12:11:24.171606,821.4288693470298,952.5436679571932
40.4350449,-3.6984446,0.0,2021-05-13 12:11:27.143035,821.4288693470298,952.5436679571932
40.4350449,-3.6984446,0.0,2021-05-13 12:11:30.114464,821.4288693470298,952.5436679571932
40.4351253,-3.6981959,0.0,2021-05-13 12:11:33.085893,821.4301841783963,928.0318857976513
40.4350082,-3.698067,0.0,2021-05-13 12:11:36.057322,821.4317938838914,928.0327832374577
40.4351737,-3.6980066,0.0,2021-05-13 12:11:39.028751,821.4312597774414,928.0319561511433
40.4352752,-3.6980675,0.0,2021-05-13 12:11:42.000180,0.0,0.0
40.4352752,-3.6980675,0.0,2021-05-13 12:11:44.971609,0.0,0.0
40.4352752,-3.6980675,0.0,2021-05-13 12:11:47.943038,0.0,0.0
40.4354696,-3.6980547,0.0,2021-05-13 12:11:50.914467,0.0,0.0
40.4354696,-3.6980547,0.0,2021-05-13 12:11:53.885896,0.0,0.0
40.4356033,-3.6980814,0.0,2021-05-13 12:11:56.857325,0.0,0.0
40.4357421,-3.6980649,0.0,2021-05-13 12:11:59.828754,821.4275182017202,952.5440420521439
40.4359281,-3.6980364,0.0,2021-05-13 12:12:02.800183,0.0,0.0
40.4360369,-3.6980315,0.0,2021-05-13 12:12:05.771612,823.2147868255987,953.714477027292
40.4360369,-3.6980315,0.0,2021-05-13 12:12:08.743041,823.2147868255987,953.714477027292
40.4361381,-3.6979893,0.0,2021-05-13 12:12:11.714470,823.2144929851196,928.4734868182097
40.4363047,-3.6980015,0.0,2021-05-13 12:12:14.685899,823.2134275588347,928.472518439753
40.4364488,-3.6980401,0.0,2021-05-13 12:12:17.657328,0.0,0.0
40.4366117,-3.6980235,0.0,2021-05-13 12:12:20.628757,0.0,0.0
40.4366117,-3.6980235,0.0,2021-05-13 12:12:23.600186,0.0,0.0
40.4367617,-3.6979408,0.0,2021-05-13 12:12:26.571615,823.2111756180493,953.7134127786484
40.4367617,-3.6979408,0.0,2021-05-13 12:12:29.543044,823.2111756180493,953.7134127786484
40.4369779,-3.6979549,0.0,2021-05-13 12:12:32.514473,823.2098052903431,928.4687728803495
40.4369779,-3.6979549,0.0,2021-05-13 12:12:35.485902,823.2098052903431,928.4687728803495
40.4369779,-3.6979549,0.0,2021-05-13 12:12:38.457331,823.2098052903431,928.4687728803495
40.4371871,-3.6978679,0.0,2021-05-13 12:12:41.428760,823.2091961136094,928.4677356075437
40.4371767,-3.6978291,0.0,2021-05-13 12:12:44.400189,823.2095335396333,928.4678625213387
40.4371767,-3.6978291,0.0,2021-05-13 12:12:47.371618,823.2095335396333,928.4678625213387
40.4371767,-3.6978291,0.0,2021-05-13 12:12:50.343047,823.2095335396333,928.4678625213387
40.4373742,-3.6978637,0.0,2021-05-13 12:12:53.314476,823.2081270235387,928.4666792907818
40.4373742,-3.6978637,0.0,2021-05-13 12:12:56.285905,823.2081270235387,928.4666792907818
40.4375809,-3.6977579,0.0,2021-05-13 12:12:59.257334,823.2076663948117,953.7125829524546
40.4375809,-3.6977579,0.0,2021-05-13 12:13:02.228763,824.982741353196,954.8644197960698
40.4376913,-3.6977347,0.0,2021-05-13 12:13:05.200192,824.9822538940864,928.8940839814004
40.4376913,-3.6977347,0.0,2021-05-13 12:13:08.171621,824.9822538940864,928.8940839814004
40.4378954,-3.6978561,0.0,2021-05-13 12:13:11.143050,824.980191583158,928.8927156174993
40.4378954,-3.6978561,0.0,2021-05-13 12:13:14.114479,824.980191583158,928.8927156174993
40.4379825,-3.697819,0.0,2021-05-13 12:13:17.085908,824.9799398385943,928.892280622712
40.4381713,-3.697761,0.0,2021-05-13 12:13:20.057337,824.9792356966101,928.8913001465704
40.4381713,-3.697761,0.0,2021-05-13 12:13:23.028766,824.9792356966101,928.8913001465704
40.4383024,-3.6976865,0.0,2021-05-13 12:13:26.000195,824.9789886292965,928.8906766511122
40.43836779999999,-3.697788799999999,0.0,2021-05-13 12:13:28.971624,824.9778797209607,928.8901319582515
40.4384265,-3.6974985,0.0,2021-05-13 12:13:31.943053,824.9795850054967,928.89028325234
40.4384265,-3.6974985,0.0,2021-05-13 12:13:34.914482,824.9795850054967,928.89028325234
40.4384265,-3.6974985,0.0,2021-05-13 12:13:37.885911,824.9795850054967,928.89028325234
40.4384104,-3.6971583,0.0,2021-05-13 12:13:40.857340,824.9820843104559,928.8909450737791
40.4384104,-3.6971583,0.0,2021-05-13 12:13:43.828769,824.9820843104559,928.8909450737791
40.4384104,-3.6971583,0.0,2021-05-13 12:13:46.800198,824.9820843104559,928.8909450737791
40.4383696,-3.6969117,0.0,2021-05-13 12:13:49.771627,824.9840678516825,928.8915910603353
40.4383524,-3.6965056,0.0,2021-05-13 12:13:52.743056,824.9870393320925,928.8923694906729
40.4383524,-3.6965056,0.0,2021-05-13 12:13:55.714485,824.9870393320925,928.8923694906729
40.4383524,-3.6965056,0.0,2021-05-13 12:13:58.685914,824.9870393320925,928.8923694906729
40.4383291,-3.6960854,0.0,2021-05-13 12:14:01.657343,0.0,0.0
40.4383291,-3.6960854,0.0,2021-05-13 12:14:04.628772,0.0,0.0
40.4383291,-3.6960854,0.0,2021-05-13 12:14:07.600201,0.0,0.0
40.4383033,-3.6956891,0.0,2021-05-13 12:14:10.571630,0.0,0.0
40.4383033,-3.6956891,0.0,2021-05-13 12:14:13.543059,0.0,0.0
40.4383033,-3.6956891,0.0,2021-05-13 12:14:16.514488,0.0,0.0
40.4382532,-3.6953853,0.0,2021-05-13 12:14:19.485917,826.7568120417855,929.3057034668229
40.4382532,-3.6953853,0.0,2021-05-13 12:14:22.457346,826.7568120417855,929.3057034668229
40.4382965,-3.6950136,0.0,2021-05-13 12:14:25.428775,826.7591618084623,929.3060511830212
40.4382965,-3.6950136,0.0,2021-05-13 12:14:28.400204,826.7591618084623,929.3060511830212
40.4382617,-3.6946956,0.0,2021-05-13 12:14:31.371633,826.7615979308417,929.3067603513504
40.4382617,-3.6946956,0.0,2021-05-13 12:14:34.343062,826.7615979308417,929.3067603513504
40.438239,-3.694519,0.0,2021-05-13 12:14:37.314491,826.7629708118642,956.0104234796897
40.4382414,-3.6943655,0.0,2021-05-13 12:14:40.285920,826.764032929377,956.0111077071762
40.4382414,-3.6943655,0.0,2021-05-13 12:14:43.257349,826.764032929377,956.0111077071762
40.4382246,-3.6942827,0.0,2021-05-13 12:14:46.228778,826.7647131038614,956.0115144334152
40.4381836,-3.6939775,0.0,2021-05-13 12:14:49.200207,826.7670961779144,956.0129700693225
40.4381836,-3.6939775,0.0,2021-05-13 12:14:52.171636,826.7670961779144,956.0129700693225
40.4381854,-3.6935506,0.0,2021-05-13 12:14:55.143065,826.7700788744044,956.0148830349774
40.4381854,-3.6935506,0.0,2021-05-13 12:14:58.114494,826.7700788744044,956.0148830349774
40.4381751,-3.6933668,0.0,2021-05-13 12:15:01.085923,828.5188969813311,957.1291935672588
40.4381751,-3.6933668,0.0,2021-05-13 12:15:04.057352,828.5188969813311,957.1291935672588
40.4381699,-3.6929446,0.0,2021-05-13 12:15:07.028781,828.5218651429066,957.1310678645808
40.4381699,-3.6929446,0.0,2021-05-13 12:15:10.000210,828.5218651429066,957.1310678645808
40.438167,-3.6926274,0.0,2021-05-13 12:15:12.971639,828.5240891110794,929.7034177880594
40.438167,-3.6926274,0.0,2021-05-13 12:15:15.943068,828.5240891110794,929.7034177880594
40.4381593,-3.6923314,0.0,2021-05-13 12:15:18.914497,828.5261941535986,929.703915184997
40.4381438,-3.6922315,0.0,2021-05-13 12:15:21.885926,828.5269814137264,929.7041572744492
40.4381438,-3.6922315,0.0,2021-05-13 12:15:24.857355,828.5269814137264,929.7041572744492
40.4381457,-3.6918577,0.0,2021-05-13 12:15:27.828784,828.5295704992405,929.7047184859732
40.4381312,-3.6917698,0.0,2021-05-13 12:15:30.800213,828.5302683167517,929.7049364429681
40.4381312,-3.6917698,0.0,2021-05-13 12:15:33.771642,828.5302683167517,929.7049364429681
40.4383712,-3.6920406,0.0,2021-05-13 12:15:36.743071,0.0,0.0
40.4380405,-3.6912726,0.0,2021-05-13 12:15:39.714500,828.5342671340067,929.7062192111492
40.4389892,-3.6911286,0.0,2021-05-13 12:15:42.685929,828.5296202094678,929.7009813271844
40.4389892,-3.6911286,0.0,2021-05-13 12:15:45.657358,828.5296202094678,929.7009813271844
40.4389892,-3.6911286,0.0,2021-05-13 12:15:48.628787,828.5296202094678,929.7009813271844
40.4384811,-3.690782,0.0,2021-05-13 12:15:51.600216,828.535056603825,929.7044350575475
40.4389892,-3.6911286,0.0,2021-05-13 12:15:54.571645,828.5296202094678,929.7009813271844
40.4389892,-3.6911286,0.0,2021-05-13 12:15:57.543074,828.5296202094678,929.7009813271844
40.4389892,-3.6911286,0.0,2021-05-13 12:16:00.514503,0.0,0.0
40.4389892,-3.6911286,0.0,2021-05-13 12:16:03.485932,0.0,0.0
40.4389892,-3.6911286,0.0,2021-05-13 12:16:06.457361,0.0,0.0
40.4389892,-3.6911286,0.0,2021-05-13 12:16:09.428790,0.0,0.0
40.4389892,-3.6911286,0.0,2021-05-13 12:16:12.400219,0.0,0.0
40.4389892,-3.6911286,0.0,2021-05-13 12:16:15.371648,0.0,0.0
40.4396051,-3.6908875,0.0,2021-05-13 12:16:18.343077,0.0,0.0
40.4396829,-3.6911943,0.0,2021-05-13 12:16:21.314506,0.0,0.0
40.4398739,-3.6909662,0.0,2021-05-13 12:16:24.285935,0.0,0.0
40.4399717,-3.6909638,0.0,2021-05-13 12:16:27.257364,0.0,0.0
40.4397528,-3.6907132,0.0,2021-05-13 12:16:30.228793,0.0,0.0
40.4400574,-3.6908454,0.0,2021-05-13 12:16:33.200222,0.0,0.0
40.4405254,-3.6908953,0.0,2021-05-13 12:16:36.171651,0.0,0.0
40.4410707,-3.6912887,0.0,2021-05-13 12:16:39.143080,0.0,0.0
40.4412202,-3.6909991,0.0,2021-05-13 12:16:42.114509,0.0,0.0
40.4408895,-3.6908842,0.0,2021-05-13 12:16:45.085938,0.0,0.0
40.4408465,-3.6906689,0.0,2021-05-13 12:16:48.057367,0.0,0.0
40.4404069,-3.690293999999999,0.0,2021-05-13 12:16:51.028796,0.0,0.0
