Latitud,Longitud,Tunel
40.4055932,-3.7005444,0.0
40.4056044,-3.7004799,0.0
40.4056014,-3.7003556,0.0
40.4056629,-3.7002736,0.0
40.4057062,-3.7001991,0.0
40.4057761,-3.6999677,0.0
40.4057761,-3.6999677,0.0
40.4057761,-3.6999677,0.0
40.4058561,-3.6996842,0.0
40.4058764,-3.6995742,0.0
40.4058764,-3.6995742,0.0
40.4059148,-3.699378,0.0
40.4059601,-3.6991586,0.0
40.4059622,-3.6991518,0.0
40.4059622,-3.6991518,0.0
40.4060683,-3.6988337,0.0
40.4060683,-3.6988337,0.0
40.4061575,-3.6985768,0.0
40.4061575,-3.6985768,0.0
40.4062124,-3.6983726,0.0
40.4062328,-3.6982335,0.0
40.4062328,-3.6982335,0.0
40.4063147,-3.6980067,0.0
40.4063293,-3.6978779,0.0
40.4063327,-3.6977067,0.0
40.4063327,-3.6977067,0.0
40.4063327,-3.6977067,0.0
40.4065659,-3.6971667,0.0
40.4065659,-3.6971667,0.0
40.4065659,-3.6971667,0.0
40.4065659,-3.6971667,0.0
40.4067956,-3.6966136,0.0
40.4067956,-3.6966136,0.0
40.4068551,-3.6963714,0.0
40.4068551,-3.6963714,0.0
40.4068551,-3.6963714,0.0
40.4068551,-3.6963714,0.0
40.4068795,-3.6957722,0.0
40.4071107,-3.6956681,0.0
40.4071107,-3.6956681,0.0
40.4071546,-3.6953085,0.0
40.407227,-3.6950531,0.0
40.4073143,-3.6947926,0.0
40.4073143,-3.6947926,0.0
40.4073143,-3.6947926,0.0
40.4073143,-3.6947926,0.0
40.4074103,-3.6943928,0.0
40.4073523,-3.6940774,1.0
40.4073885,-3.6944142,1.0
40.4078173,-3.6932743,1.0
40.4078173,-3.6932743,1.0
40.4078173,-3.6932743,1.0
40.4078173,-3.6932743,1.0
40.4077647,-3.6932253,1.0
40.4080993,-3.6927128,1.0
40.4080993,-3.6927128,1.0
40.4083774,-3.6920703,1.0
40.4084934,-3.6915657,1.0
40.4085438,-3.6911639,0.0
40.4084245,-3.6906853,0.0
40.4082048,-3.6904273,0.0
40.4082048,-3.6904273,0.0
40.4082048,-3.6904273,0.0
40.4078751,-3.6898447,0.0
40.4076706,-3.6898069,0.0
40.4076706,-3.6898069,0.0
40.4075463,-3.6900921,0.0
40.4074908,-3.6898616,0.0
40.4073213,-3.6896524,0.0
40.4070204,-3.6894173,0.0
40.4069299,-3.6893762,0.0
40.4069299,-3.6893762,0.0
40.4067351,-3.6890778,0.0
40.4067351,-3.6890778,0.0
40.4066079,-3.6887544,0.0
40.4067351,-3.6890778,0.0
40.4068525,-3.6888955,0.0
40.4070597,-3.6886176,0.0
40.4076331,-3.6889125,0.0
40.4075354,-3.6886125,0.0
40.4076158,-3.6885712,0.0
40.4080771,-3.688639599999999,0.0
40.4079835,-3.6886531,0.0
40.4084227,-3.6885268,0.0
40.4084657,-3.6884351,0.0
40.4088003,-3.6884258,0.0
40.4089895,-3.6884633,1.0
40.4093685,-3.6883781,1.0
40.4093685,-3.6883781,1.0
40.4098241,-3.6885766,0.0
40.4102064,-3.6885747,0.0
40.4104371,-3.6884861,0.0
40.4104371,-3.6884861,0.0
40.4109225,-3.6885391,0.0
40.4112432,-3.6885281,0.0
40.411541,-3.6885027,0.0
40.4123404,-3.6890899,0.0
40.4123404,-3.6890899,0.0
40.4123404,-3.6890899,0.0
40.4123404,-3.6890899,0.0
40.4123404,-3.6890899,0.0
40.4129446,-3.6893426,0.0
40.4142247,-3.6892149,0.0
40.4142247,-3.6892149,0.0
40.4142247,-3.6892149,0.0
40.4142247,-3.6892149,0.0
40.4142247,-3.6892149,0.0
40.4142247,-3.6892149,0.0
40.4142247,-3.6892149,0.0
40.4142247,-3.6892149,0.0
40.415117,-3.6889657,0.0
40.4151501,-3.6890456,0.0
40.4154842,-3.6891291,0.0
40.416422,-3.6891219,0.0
40.416422,-3.6891219,0.0
40.416422,-3.6891219,0.0
40.416422,-3.6891219,0.0
40.4169016,-3.6890067,0.0
40.4169016,-3.6890067,0.0
40.4169016,-3.6890067,0.0
40.4176358,-3.6890989,0.0
40.4176358,-3.6890989,0.0
40.4176358,-3.6890989,0.0
40.4184289,-3.6890334,0.0
40.4184289,-3.6890334,0.0
40.4184289,-3.6890334,0.0
40.4184289,-3.6890334,0.0
40.418909,-3.6890936,0.0
40.418909,-3.6890936,0.0
40.418909,-3.6890936,0.0
40.4196362,-3.6885724,0.0
40.418909,-3.6890936,0.0
40.4199114,-3.6882209,0.0
40.4197606,-3.6884705,0.0
40.4203376,-3.6875756,0.0
40.420438,-3.6873825,0.0
40.4201638,-3.6871333,0.0
40.4201638,-3.6871333,0.0
40.4201638,-3.6871333,0.0
40.4204949,-3.6867055,0.0
40.4204949,-3.6867055,0.0
40.4207787,-3.6865854,0.0
40.4207787,-3.6865854,0.0
40.4207787,-3.6865854,0.0
40.4211504,-3.6853881,0.0
40.4211504,-3.6853881,0.0
40.4211504,-3.6853881,0.0
40.4211504,-3.6853881,0.0
40.4211504,-3.6853881,0.0
40.420728,-3.6848563,0.0
40.4203701,-3.684554,0.0
40.4203701,-3.684554,0.0
40.4215711,-3.6849088,0.0
40.4215711,-3.6849088,0.0
40.4215711,-3.6849088,0.0
40.4215711,-3.6849088,0.0
40.4215711,-3.6849088,0.0
40.4222063,-3.6847323,0.0
40.4226717,-3.6846463,0.0
40.4226717,-3.6846463,0.0
40.4226717,-3.6846463,0.0
40.4237861,-3.6847315,0.0
40.4237861,-3.6847315,0.0
40.4241179,-3.6850041,0.0
40.4247491,-3.6850853,0.0
40.4247491,-3.6850853,0.0
40.4247491,-3.6850853,0.0
40.4257906,-3.6843645,0.0
40.4257906,-3.6843645,0.0
40.4257906,-3.6843645,0.0
40.4257906,-3.6843645,0.0
40.42612,-3.6847586,0.0
40.4270773,-3.6848499,0.0
40.4270773,-3.6848499,0.0
40.4270773,-3.6848499,0.0
40.4270773,-3.6848499,0.0
40.4270773,-3.6848499,0.0
40.4291786,-3.6838586,0.0
40.4285652,-3.6839848,0.0
40.4285652,-3.6839848,0.0
40.4299477,-3.683956,0.0
40.4299477,-3.683956,0.0
40.4299477,-3.683956,0.0
40.4299477,-3.683956,0.0
40.4299477,-3.683956,0.0
40.4299477,-3.683956,0.0
40.4299477,-3.683956,0.0
40.4309468,-3.6839863,0.0
40.4309468,-3.6839863,0.0
40.4309468,-3.6839863,0.0
40.4309468,-3.6839863,0.0
40.4314054,-3.6839121,0.0
40.4318653,-3.6837654,0.0
40.4318653,-3.6837654,0.0
40.4318653,-3.6837654,0.0
40.4318653,-3.6837654,0.0
40.4325543,-3.6834981,0.0
40.4325543,-3.6834981,0.0
40.4325543,-3.6834981,0.0
40.4325543,-3.6834981,0.0
40.4334877,-3.6836086,0.0
40.4334877,-3.6836086,0.0
40.4334877,-3.6836086,0.0
40.4334877,-3.6836086,0.0
40.4339196,-3.6836432,0.0
40.4354157,-3.6834834,0.0
40.4354157,-3.6834834,0.0
40.4354157,-3.6834834,0.0
40.4354157,-3.6834834,0.0
40.4354157,-3.6834834,0.0
40.4354157,-3.6834834,0.0
40.4354157,-3.6834834,0.0
40.4354157,-3.6834834,0.0
40.4354157,-3.6834834,0.0
40.4354157,-3.6834834,0.0
40.4354157,-3.6834834,0.0
40.4354157,-3.6834834,0.0
40.4366982,-3.6838906,0.0
40.4366982,-3.6838906,0.0
40.4366982,-3.6838906,0.0
40.4366982,-3.6838906,0.0
40.4370103,-3.6830796,0.0
40.4373786,-3.6831224,0.0
40.4376165,-3.6831243,0.0
40.4376158,-3.6832028,0.0
40.4376516,-3.6832632,0.0
40.4377518,-3.6834242,0.0
40.4378225,-3.6835883,0.0
40.4378064,-3.6837547,0.0
40.4378672,-3.6839755,0.0
40.4378353,-3.6841458,0.0
40.4378323,-3.6843229,0.0
40.4378323,-3.6843229,0.0
40.4378335,-3.6846935,0.0
40.4377851,-3.6850104,0.0
40.4378445,-3.685184,0.0
40.4378361,-3.6853881,0.0
40.4378928,-3.6856965,0.0
40.437906,-3.6858772,0.0
40.437875,-3.6862538,0.0
40.4378983,-3.6865618,0.0
40.4378983,-3.6865618,0.0
40.4379367,-3.6868086,0.0
40.4379461,-3.6869952,0.0
40.4380178,-3.6872031,0.0
40.4380427,-3.6875889,0.0
40.4380427,-3.6875889,0.0
40.4379924,-3.688095,0.0
40.4379924,-3.688095,0.0
40.4380449,-3.6883753,0.0
40.4380774,-3.6887815,0.0
40.4380774,-3.6887815,0.0
40.4380027,-3.6892581,0.0
40.4380136,-3.6895653,0.0
40.4380136,-3.6895653,0.0
40.4379988,-3.6896993,0.0
40.4380774,-3.6895772,0.0
40.4381213,-3.6897145,0.0
40.4380339,-3.6902042,0.0
40.4381086,-3.6899155,0.0
40.4383929,-3.6901718,0.0
40.4383929,-3.6901718,0.0
40.4387252,-3.6904566,0.0
40.4388908,-3.690445,0.0
40.439133,-3.690483,0.0
40.439399,-3.6905077,0.0
40.4397528,-3.6907132,0.0
40.4400574,-3.6908454,0.0
40.4405254,-3.6908953,0.0
40.4410707,-3.6912887,0.0
40.4412202,-3.6909991,0.0
40.4408895,-3.6908842,0.0
40.4408465,-3.6906689,0.0
40.4404069,-3.690293999999999,0.0

