Latitud,Longitud,Tunel,Tiempo,GHI,POA
40.4055932,-3.7005444,0.0,2021-05-13 11:50:54.702501,780.9452812137383,914.636190383558
40.4056044,-3.7004799,0.0,2021-05-13 11:50:58.206151,780.9457571858677,914.6363483627874
40.4056014,-3.7003556,0.0,2021-05-13 11:51:01.709801,783.0136883183305,915.4636841446843
40.4056629,-3.7002736,0.0,2021-05-13 11:51:05.213451,783.0140401868616,915.463635133364
40.4057062,-3.7001991,0.0,2021-05-13 11:51:08.717101,783.0144260173269,915.4636553910728
40.4057761,-3.6999677,0.0,2021-05-13 11:51:12.220751,783.0159641808089,915.4640510908748
40.4057761,-3.6999677,0.0,2021-05-13 11:51:15.724401,783.0159641808089,915.4640510908748
40.4057761,-3.6999677,0.0,2021-05-13 11:51:19.228051,783.0159641808089,915.4640510908748
40.4058561,-3.6996842,0.0,2021-05-13 11:51:22.731701,783.0178782999955,915.4645649045872
40.4058764,-3.6995742,0.0,2021-05-13 11:51:26.235351,783.0186774851994,915.4648195993897
40.4058764,-3.6995742,0.0,2021-05-13 11:51:29.739001,783.0186774851994,915.4648195993897
40.4059148,-3.699378,0.0,2021-05-13 11:51:33.242651,783.0200914013147,915.465262577052
40.4059601,-3.6991586,0.0,2021-05-13 11:51:36.746301,783.0216600850752,915.4657457633662
40.4059622,-3.6991518,0.0,2021-05-13 11:51:40.249951,783.0217050428095,915.4657571527392
40.4059622,-3.6991518,0.0,2021-05-13 11:51:43.753601,783.0217050428095,915.4657571527392
40.4060683,-3.6988337,0.0,2021-05-13 11:51:47.257251,783.023766758248,915.4662494056224
40.4060683,-3.6988337,0.0,2021-05-13 11:51:50.760901,783.023766758248,915.4662494056224
40.4061575,-3.6985768,0.0,2021-05-13 11:51:54.264551,783.0254133123113,915.4666288236717
40.4061575,-3.6985768,0.0,2021-05-13 11:51:57.768201,783.0254133123113,915.4666288236717
40.4062124,-3.6983726,0.0,2021-05-13 11:52:01.271851,785.0807654375291,916.2755903344892
40.4062328,-3.6982335,0.0,2021-05-13 11:52:04.775501,785.081795955675,916.2759288436852
40.4062328,-3.6982335,0.0,2021-05-13 11:52:08.279151,785.081795955675,916.2759288436852
40.4063147,-3.6980067,0.0,2021-05-13 11:52:11.782801,785.0832188184368,916.2762288349905
40.4063293,-3.6978779,0.0,2021-05-13 11:52:15.286451,785.084195714379,916.2765644800903
40.4063327,-3.6977067,0.0,2021-05-13 11:52:18.790101,785.085578888457,916.2770935159938
40.4063327,-3.6977067,0.0,2021-05-13 11:52:22.293751,785.085578888457,916.2770935159938
40.4063327,-3.6977067,0.0,2021-05-13 11:52:25.797401,785.085578888457,916.2770935159938
40.4065659,-3.6971667,0.0,2021-05-13 11:52:29.301051,785.0887644046753,916.2776097736472
40.4065659,-3.6971667,0.0,2021-05-13 11:52:32.804701,785.0887644046753,916.2776097736472
40.4065659,-3.6971667,0.0,2021-05-13 11:52:36.308351,785.0887644046753,916.2776097736472
40.4065659,-3.6971667,0.0,2021-05-13 11:52:39.812001,785.0887644046753,916.2776097736472
40.4067956,-3.6966136,0.0,2021-05-13 11:52:43.315651,785.0920755476,926.7845299247806
40.4067956,-3.6966136,0.0,2021-05-13 11:52:46.819301,785.0920755476,926.7845299247806
40.4068551,-3.6963714,0.0,2021-05-13 11:52:50.322951,785.0937428611937,916.2786508985128
40.4068551,-3.6963714,0.0,2021-05-13 11:52:53.826601,785.0937428611937,916.2786508985128
40.4068551,-3.6963714,0.0,2021-05-13 11:52:57.330251,785.0937428611937,916.2786508985128
40.4068551,-3.6963714,0.0,2021-05-13 11:53:00.833901,787.1347328383541,917.0689086911349
40.4068795,-3.6957722,0.0,2021-05-13 11:53:04.337551,787.1394759612012,928.3185317137537
40.4071107,-3.6956681,0.0,2021-05-13 11:53:07.841201,787.1390919791224,917.0697720168002
40.4071107,-3.6956681,0.0,2021-05-13 11:53:11.344851,787.1390919791224,917.0697720168002
40.4071546,-3.6953085,0.0,2021-05-13 11:53:14.848501,787.1417827076546,917.0706652680276
40.407227,-3.6950531,0.0,2021-05-13 11:53:18.352151,787.1434743307613,917.0710850245819
40.4073143,-3.6947926,0.0,2021-05-13 11:53:21.855801,0.0,0.0
40.4073143,-3.6947926,0.0,2021-05-13 11:53:25.359451,0.0,0.0
40.4073143,-3.6947926,0.0,2021-05-13 11:53:28.863101,0.0,0.0
40.4073143,-3.6947926,0.0,2021-05-13 11:53:32.366751,0.0,0.0
40.4074103,-3.6943928,0.0,2021-05-13 11:53:35.870401,787.1478683405581,917.0721903345404
40.4073523,-3.6940774,1.0,2021-05-13 11:53:39.374051,0.0,0.0
40.4073885,-3.6944142,1.0,2021-05-13 11:53:42.877701,0.0,0.0
40.4078173,-3.6932743,1.0,2021-05-13 11:53:46.381351,0.0,0.0
40.4078173,-3.6932743,1.0,2021-05-13 11:53:49.885001,0.0,0.0
40.4078173,-3.6932743,1.0,2021-05-13 11:53:53.388651,0.0,0.0
40.4078173,-3.6932743,1.0,2021-05-13 11:53:56.892301,0.0,0.0
40.4077647,-3.6932253,1.0,2021-05-13 11:54:00.395951,0.0,0.0
40.4080993,-3.6927128,1.0,2021-05-13 11:54:03.899601,0.0,0.0
40.4080993,-3.6927128,1.0,2021-05-13 11:54:07.403251,0.0,0.0
40.4083774,-3.6920703,1.0,2021-05-13 11:54:10.906901,0.0,0.0
40.4084934,-3.6915657,1.0,2021-05-13 11:54:14.410551,0.0,0.0
40.4085438,-3.6911639,0.0,2021-05-13 11:54:17.914201,789.1958721595572,917.848045601766
40.4084245,-3.6906853,0.0,2021-05-13 11:54:21.417851,789.2003777753057,917.8501277012858
40.4082048,-3.6904273,0.0,2021-05-13 11:54:24.921501,789.2036385449564,917.8520634339237
40.4082048,-3.6904273,0.0,2021-05-13 11:54:28.425151,789.2036385449564,917.8520634339237
40.4082048,-3.6904273,0.0,2021-05-13 11:54:31.928801,789.2036385449564,917.8520634339237
40.4078751,-3.6898447,0.0,2021-05-13 11:54:35.432451,789.2101108222827,917.8555634638293
40.4076706,-3.6898069,0.0,2021-05-13 11:54:38.936101,789.2115110805541,917.8567489833675
40.4076706,-3.6898069,0.0,2021-05-13 11:54:42.439751,789.2115110805541,917.8567489833675
40.4075463,-3.6900921,0.0,2021-05-13 11:54:45.943401,789.2098722762153,917.85653103003
40.4074908,-3.6898616,0.0,2021-05-13 11:54:49.447051,789.212031738192,917.857523506666
40.4073213,-3.6896524,0.0,2021-05-13 11:54:52.950701,789.2146294232302,917.8590477969257
40.4070204,-3.6894173,0.0,2021-05-13 11:54:56.454351,789.2181398298957,917.8613387094009
40.4069299,-3.6893762,0.0,2021-05-13 11:54:59.958001,789.2189564006554,917.861937557145
40.4069299,-3.6893762,0.0,2021-05-13 11:55:03.461651,791.2337630360431,918.6154008588531
40.4067351,-3.6890778,0.0,2021-05-13 11:55:06.965301,791.2372072492715,918.6173126699327
40.4067351,-3.6890778,0.0,2021-05-13 11:55:10.468951,791.2372072492715,918.6173126699327
40.4066079,-3.6887544,0.0,2021-05-13 11:55:13.972601,791.2404881942276,918.6189431723775
40.4067351,-3.6890778,0.0,2021-05-13 11:55:17.476251,791.2372072492715,918.6173126699327
40.4068525,-3.6888955,0.0,2021-05-13 11:55:20.979901,0.0,0.0
40.4070597,-3.6886176,0.0,2021-05-13 11:55:24.483551,791.2391539370058,918.6169731525678
40.4076331,-3.6889125,0.0,2021-05-13 11:55:27.987201,0.0,0.0
40.4075354,-3.6886125,0.0,2021-05-13 11:55:31.490851,0.0,0.0
40.4076158,-3.6885712,0.0,2021-05-13 11:55:34.994501,0.0,0.0
40.4080771,-3.688639599999999,0.0,2021-05-13 11:55:38.498151,791.233499585071,918.6115555475311
40.4079835,-3.6886531,0.0,2021-05-13 11:55:42.001801,791.233895175785,918.6120078294973
40.4084227,-3.6885268,0.0,2021-05-13 11:55:45.505451,791.232544269004,918.6100726861049
40.4084657,-3.6884351,0.0,2021-05-13 11:55:49.009101,791.2330488465916,918.610119036545
40.4088003,-3.6884258,0.0,2021-05-13 11:55:52.512751,791.231321884088,931.3605501883522
40.4089895,-3.6884633,1.0,2021-05-13 11:55:56.016401,0.0,0.0
40.4093685,-3.6883781,1.0,2021-05-13 11:55:59.520051,0.0,0.0
40.4093685,-3.6883781,1.0,2021-05-13 11:56:03.023701,0.0,0.0
40.4098241,-3.6885766,0.0,2021-05-13 11:56:06.527351,793.2263044862088,919.3377538514612
40.4102064,-3.6885747,0.0,2021-05-13 11:56:10.031001,0.0,0.0
40.4104371,-3.6884861,0.0,2021-05-13 11:56:13.534651,0.0,0.0
40.4104371,-3.6884861,0.0,2021-05-13 11:56:17.038301,0.0,0.0
40.4109225,-3.6885391,0.0,2021-05-13 11:56:20.541951,793.2206559019911,919.3320546788859
40.4112432,-3.6885281,0.0,2021-05-13 11:56:24.045601,793.2190070259458,932.8278826581482
40.411541,-3.6885027,0.0,2021-05-13 11:56:27.549251,0.0,0.0
40.4123404,-3.6890899,0.0,2021-05-13 11:56:31.052901,0.0,0.0
40.4123404,-3.6890899,0.0,2021-05-13 11:56:34.556551,0.0,0.0
40.4123404,-3.6890899,0.0,2021-05-13 11:56:38.060201,0.0,0.0
40.4123404,-3.6890899,0.0,2021-05-13 11:56:41.563851,0.0,0.0
40.4123404,-3.6890899,0.0,2021-05-13 11:56:45.067501,0.0,0.0
40.4129446,-3.6893426,0.0,2021-05-13 11:56:48.571151,793.2032978504037,932.8200911191116
40.4142247,-3.6892149,0.0,2021-05-13 11:56:52.074801,0.0,0.0
40.4142247,-3.6892149,0.0,2021-05-13 11:56:55.578451,0.0,0.0
40.4142247,-3.6892149,0.0,2021-05-13 11:56:59.082101,0.0,0.0
40.4142247,-3.6892149,0.0,2021-05-13 11:57:02.585751,0.0,0.0
40.4142247,-3.6892149,0.0,2021-05-13 11:57:06.089401,0.0,0.0
40.4142247,-3.6892149,0.0,2021-05-13 11:57:09.593051,0.0,0.0
40.4142247,-3.6892149,0.0,2021-05-13 11:57:13.096701,0.0,0.0
40.4142247,-3.6892149,0.0,2021-05-13 11:57:16.600351,0.0,0.0
40.415117,-3.6889657,0.0,2021-05-13 11:57:20.104001,795.1830937635067,920.0256119556088
40.4151501,-3.6890456,0.0,2021-05-13 11:57:23.607651,795.1822804945051,920.0252101610363
40.4154842,-3.6891291,0.0,2021-05-13 11:57:27.111301,795.1797994764897,920.0231984077864
40.416422,-3.6891219,0.0,2021-05-13 11:57:30.614951,0.0,0.0
40.416422,-3.6891219,0.0,2021-05-13 11:57:34.118601,0.0,0.0
40.416422,-3.6891219,0.0,2021-05-13 11:57:37.622251,0.0,0.0
40.416422,-3.6891219,0.0,2021-05-13 11:57:41.125901,0.0,0.0
40.4169016,-3.6890067,0.0,2021-05-13 11:57:44.629551,795.1730497567651,920.0160107521616
40.4169016,-3.6890067,0.0,2021-05-13 11:57:48.133201,795.1730497567651,920.0160107521616
40.4169016,-3.6890067,0.0,2021-05-13 11:57:51.636851,795.1730497567651,920.0160107521616
40.4176358,-3.6890989,0.0,2021-05-13 11:57:55.140501,795.1683205094105,920.0118475386049
40.4176358,-3.6890989,0.0,2021-05-13 11:57:58.644151,795.1683205094105,920.0118475386049
40.4176358,-3.6890989,0.0,2021-05-13 11:58:02.147801,797.1437558327608,920.7106629295179
40.4184289,-3.6890334,0.0,2021-05-13 11:58:05.651451,0.0,0.0
40.4184289,-3.6890334,0.0,2021-05-13 11:58:09.155101,0.0,0.0
40.4184289,-3.6890334,0.0,2021-05-13 11:58:12.658751,0.0,0.0
40.4184289,-3.6890334,0.0,2021-05-13 11:58:16.162401,0.0,0.0
40.418909,-3.6890936,0.0,2021-05-13 11:58:19.666051,797.1368250509325,935.6989829452878
40.418909,-3.6890936,0.0,2021-05-13 11:58:23.169701,797.1368250509325,935.6989829452878
40.418909,-3.6890936,0.0,2021-05-13 11:58:26.673351,797.1368250509325,935.6989829452878
40.4196362,-3.6885724,0.0,2021-05-13 11:58:30.177001,797.1369441165835,920.7014276807879
40.418909,-3.6890936,0.0,2021-05-13 11:58:33.680651,797.1368250509325,935.6989829452878
40.4199114,-3.6882209,0.0,2021-05-13 11:58:37.184301,797.1382030380227,920.7009255737271
40.4197606,-3.6884705,0.0,2021-05-13 11:58:40.687951,797.13706471233,920.7010437739416
40.4203376,-3.6875756,0.0,2021-05-13 11:58:44.191601,797.1409468713754,920.7004257494436
40.420438,-3.6873825,0.0,2021-05-13 11:58:47.695251,0.0,0.0
40.4201638,-3.6871333,0.0,2021-05-13 11:58:51.198901,797.1453793824538,935.707874098618
40.4201638,-3.6871333,0.0,2021-05-13 11:58:54.702551,797.1453793824538,935.707874098618
40.4201638,-3.6871333,0.0,2021-05-13 11:58:58.206201,797.1453793824538,935.707874098618
40.4204949,-3.6867055,0.0,2021-05-13 11:59:01.709851,799.109065675337,921.3824558814786
40.4204949,-3.6867055,0.0,2021-05-13 11:59:05.213501,799.109065675337,921.3824558814786
40.4207787,-3.6865854,0.0,2021-05-13 11:59:08.717151,0.0,0.0
40.4207787,-3.6865854,0.0,2021-05-13 11:59:12.220801,0.0,0.0
40.4207787,-3.6865854,0.0,2021-05-13 11:59:15.724451,0.0,0.0
40.4211504,-3.6853881,0.0,2021-05-13 11:59:19.228101,0.0,0.0
40.4211504,-3.6853881,0.0,2021-05-13 11:59:22.731751,0.0,0.0
40.4211504,-3.6853881,0.0,2021-05-13 11:59:26.235401,0.0,0.0
40.4211504,-3.6853881,0.0,2021-05-13 11:59:29.739051,0.0,0.0
40.4211504,-3.6853881,0.0,2021-05-13 11:59:33.242701,0.0,0.0
40.420728,-3.6848563,0.0,2021-05-13 11:59:36.746351,799.1222362744724,921.3861617728148
40.4203701,-3.684554,0.0,2021-05-13 11:59:40.250001,799.1265700494343,937.137698783109
40.4203701,-3.684554,0.0,2021-05-13 11:59:43.753651,799.1265700494343,937.137698783109
40.4215711,-3.6849088,0.0,2021-05-13 11:59:47.257301,0.0,0.0
40.4215711,-3.6849088,0.0,2021-05-13 11:59:50.760951,0.0,0.0
40.4215711,-3.6849088,0.0,2021-05-13 11:59:54.264601,0.0,0.0
40.4215711,-3.6849088,0.0,2021-05-13 11:59:57.768251,0.0,0.0
40.4215711,-3.6849088,0.0,2021-05-13 12:00:01.271901,0.0,0.0
40.4222063,-3.6847323,0.0,2021-05-13 12:00:04.775551,0.0,0.0
40.4226717,-3.6846463,0.0,2021-05-13 12:00:08.279201,0.0,0.0
40.4226717,-3.6846463,0.0,2021-05-13 12:00:11.782851,0.0,0.0
40.4226717,-3.6846463,0.0,2021-05-13 12:00:15.286501,0.0,0.0
40.4237861,-3.6847315,0.0,2021-05-13 12:00:18.790151,801.0551707378241,938.5270956947788
40.4237861,-3.6847315,0.0,2021-05-13 12:00:22.293801,801.0551707378241,938.5270956947788
40.4241179,-3.6850041,0.0,2021-05-13 12:00:25.797451,0.0,0.0
40.4247491,-3.6850853,0.0,2021-05-13 12:00:29.301101,0.0,0.0
40.4247491,-3.6850853,0.0,2021-05-13 12:00:32.804751,0.0,0.0
40.4247491,-3.6850853,0.0,2021-05-13 12:00:36.308401,0.0,0.0
40.4257906,-3.6843645,0.0,2021-05-13 12:00:39.812051,0.0,0.0
40.4257906,-3.6843645,0.0,2021-05-13 12:00:43.315701,0.0,0.0
40.4257906,-3.6843645,0.0,2021-05-13 12:00:46.819351,0.0,0.0
40.4257906,-3.6843645,0.0,2021-05-13 12:00:50.323001,0.0,0.0
40.42612,-3.6847586,0.0,2021-05-13 12:00:53.826651,0.0,0.0
40.4270773,-3.6848499,0.0,2021-05-13 12:00:57.330301,0.0,0.0
40.4270773,-3.6848499,0.0,2021-05-13 12:01:00.833951,0.0,0.0
40.4270773,-3.6848499,0.0,2021-05-13 12:01:04.337601,0.0,0.0
40.4270773,-3.6848499,0.0,2021-05-13 12:01:07.841251,0.0,0.0
40.4270773,-3.6848499,0.0,2021-05-13 12:01:11.344901,0.0,0.0
40.4291786,-3.6838586,0.0,2021-05-13 12:01:14.848551,802.9675112182362,922.6493219367637
40.4285652,-3.6839848,0.0,2021-05-13 12:01:18.352201,802.969953370632,922.6523272786853
40.4285652,-3.6839848,0.0,2021-05-13 12:01:21.855851,802.969953370632,922.6523272786853
40.4299477,-3.683956,0.0,2021-05-13 12:01:25.359501,0.0,0.0
40.4299477,-3.683956,0.0,2021-05-13 12:01:28.863151,0.0,0.0
40.4299477,-3.683956,0.0,2021-05-13 12:01:32.366801,0.0,0.0
40.4299477,-3.683956,0.0,2021-05-13 12:01:35.870451,0.0,0.0
40.4299477,-3.683956,0.0,2021-05-13 12:01:39.374101,0.0,0.0
40.4299477,-3.683956,0.0,2021-05-13 12:01:42.877751,0.0,0.0
40.4299477,-3.683956,0.0,2021-05-13 12:01:46.381401,0.0,0.0
40.4309468,-3.6839863,0.0,2021-05-13 12:01:49.885051,0.0,0.0
40.4309468,-3.6839863,0.0,2021-05-13 12:01:53.388701,0.0,0.0
40.4309468,-3.6839863,0.0,2021-05-13 12:01:56.892351,0.0,0.0
40.4309468,-3.6839863,0.0,2021-05-13 12:02:00.396001,804.8788553339392,941.2544706570692
40.4314054,-3.6839121,0.0,2021-05-13 12:02:03.899651,804.8768566771774,941.2540049381713
40.4318653,-3.6837654,0.0,2021-05-13 12:02:07.403301,0.0,0.0
40.4318653,-3.6837654,0.0,2021-05-13 12:02:10.906951,0.0,0.0
40.4318653,-3.6837654,0.0,2021-05-13 12:02:14.410601,0.0,0.0
40.4318653,-3.6837654,0.0,2021-05-13 12:02:17.914251,0.0,0.0
40.4325543,-3.6834981,0.0,2021-05-13 12:02:21.417901,0.0,0.0
40.4325543,-3.6834981,0.0,2021-05-13 12:02:24.921551,0.0,0.0
40.4325543,-3.6834981,0.0,2021-05-13 12:02:28.425201,0.0,0.0
40.4325543,-3.6834981,0.0,2021-05-13 12:02:31.928851,0.0,0.0
40.4334877,-3.6836086,0.0,2021-05-13 12:02:35.432501,804.8675250032696,941.25170915604
40.4334877,-3.6836086,0.0,2021-05-13 12:02:38.936151,804.8675250032696,941.25170915604
40.4334877,-3.6836086,0.0,2021-05-13 12:02:42.439801,804.8675250032696,941.25170915604
40.4334877,-3.6836086,0.0,2021-05-13 12:02:45.943451,804.8675250032696,941.25170915604
40.4339196,-3.6836432,0.0,2021-05-13 12:02:49.447101,804.8648424342684,923.2498657730198
40.4354157,-3.6834834,0.0,2021-05-13 12:02:52.950751,0.0,0.0
40.4354157,-3.6834834,0.0,2021-05-13 12:02:56.454401,0.0,0.0
40.4354157,-3.6834834,0.0,2021-05-13 12:02:59.958051,0.0,0.0
40.4354157,-3.6834834,0.0,2021-05-13 12:03:03.461701,0.0,0.0
40.4354157,-3.6834834,0.0,2021-05-13 12:03:06.965351,0.0,0.0
40.4354157,-3.6834834,0.0,2021-05-13 12:03:10.469001,0.0,0.0
40.4354157,-3.6834834,0.0,2021-05-13 12:03:13.972651,0.0,0.0
40.4354157,-3.6834834,0.0,2021-05-13 12:03:17.476301,0.0,0.0
40.4354157,-3.6834834,0.0,2021-05-13 12:03:20.979951,0.0,0.0
40.4354157,-3.6834834,0.0,2021-05-13 12:03:24.483601,0.0,0.0
40.4354157,-3.6834834,0.0,2021-05-13 12:03:27.987251,0.0,0.0
40.4354157,-3.6834834,0.0,2021-05-13 12:03:31.490901,0.0,0.0
40.4366982,-3.6838906,0.0,2021-05-13 12:03:34.994551,806.7561469600082,942.5840126586189
40.4366982,-3.6838906,0.0,2021-05-13 12:03:38.498201,806.7561469600082,942.5840126586189
40.4366982,-3.6838906,0.0,2021-05-13 12:03:42.001851,806.7561469600082,942.5840126586189
40.4366982,-3.6838906,0.0,2021-05-13 12:03:45.505501,806.7561469600082,942.5840126586189
40.4370103,-3.6830796,0.0,2021-05-13 12:03:49.009151,0.0,0.0
40.4373786,-3.6831224,0.0,2021-05-13 12:03:52.512801,806.7581585871649,923.8398353766647
40.4376165,-3.6831243,0.0,2021-05-13 12:03:56.016451,806.7568053653252,942.5863376898427
40.4376158,-3.6832028,0.0,2021-05-13 12:03:59.520101,806.7562124984496,923.838345041526
40.4376516,-3.6832632,0.0,2021-05-13 12:04:03.023751,808.6509581988284,924.4275050522267
40.4377518,-3.6834242,0.0,2021-05-13 12:04:06.527401,808.6491760169721,924.4265811010115
40.4378225,-3.6835883,0.0,2021-05-13 12:04:10.031051,808.647537276767,924.425812142531
40.4378064,-3.6837547,0.0,2021-05-13 12:04:13.534701,808.646372101018,924.4255150505622
40.4378672,-3.6839755,0.0,2021-05-13 12:04:17.038351,808.6443612858658,924.4246691085784
40.4378353,-3.6841458,0.0,2021-05-13 12:04:20.542001,808.6432560159428,924.4244498237729
40.4378323,-3.6843229,0.0,2021-05-13 12:04:24.045651,808.6419359471793,924.424055887412
40.4378323,-3.6843229,0.0,2021-05-13 12:04:27.549301,808.6419359471793,924.424055887412
40.4378335,-3.6846935,0.0,2021-05-13 12:04:31.052951,808.639131252266,924.4231903950986
40.4377851,-3.6850104,0.0,2021-05-13 12:04:34.556601,808.6370124769624,924.4227220064548
40.4378445,-3.685184,0.0,2021-05-13 12:04:38.060251,808.6353658806735,924.4219930877729
40.4378361,-3.6853881,0.0,2021-05-13 12:04:41.563901,808.6338724673809,924.4215662037645
40.4378928,-3.6856965,0.0,2021-05-13 12:04:45.067551,808.6312234033448,924.4205396592793
40.437906,-3.6858772,0.0,2021-05-13 12:04:48.571201,0.0,0.0
40.437875,-3.6862538,0.0,2021-05-13 12:04:52.074851,808.6271164717411,924.4193456950117
40.4378983,-3.6865618,0.0,2021-05-13 12:04:55.578501,808.6246592744648,924.4185036219257
40.4378983,-3.6865618,0.0,2021-05-13 12:04:59.082151,808.6246592744648,924.4185036219257
40.4379367,-3.6868086,0.0,2021-05-13 12:05:02.585801,810.5048408447651,945.189706270375
40.4379461,-3.6869952,0.0,2021-05-13 12:05:06.089451,810.5033885143484,924.9889749607064
40.4380178,-3.6872031,0.0,2021-05-13 12:05:09.593101,810.5014223953873,924.9881120540246
40.4380427,-3.6875889,0.0,2021-05-13 12:05:13.096751,810.4983885676686,945.1854668955214
40.4380427,-3.6875889,0.0,2021-05-13 12:05:16.600401,810.4983885676686,945.1854668955214
40.4379924,-3.688095,0.0,2021-05-13 12:05:20.104051,810.4948802299173,924.9862487378292
40.4379924,-3.688095,0.0,2021-05-13 12:05:23.607701,810.4948802299173,924.9862487378292
40.4380449,-3.6883753,0.0,2021-05-13 12:05:27.111351,810.492480407605,924.9853291354508
40.4380774,-3.6887815,0.0,2021-05-13 12:05:30.615001,810.4892503494942,924.9842370854461
40.4380774,-3.6887815,0.0,2021-05-13 12:05:34.118651,810.4892503494942,924.9842370854461
40.4380027,-3.6892581,0.0,2021-05-13 12:05:37.622301,0.0,0.0
40.4380136,-3.6895653,0.0,2021-05-13 12:05:41.125951,0.0,0.0
40.4380136,-3.6895653,0.0,2021-05-13 12:05:44.629601,0.0,0.0
40.4379988,-3.6896993,0.0,2021-05-13 12:05:48.133251,0.0,0.0
40.4380774,-3.6895772,0.0,2021-05-13 12:05:51.636901,0.0,0.0
40.4381213,-3.6897145,0.0,2021-05-13 12:05:55.140551,810.4820058754725,924.9818983702455
40.4380339,-3.6902042,0.0,2021-05-13 12:05:58.644201,0.0,0.0
40.4381086,-3.6899155,0.0,2021-05-13 12:06:02.147851,0.0,0.0
40.4383929,-3.6901718,0.0,2021-05-13 12:06:05.651501,0.0,0.0
40.4383929,-3.6901718,0.0,2021-05-13 12:06:09.155151,0.0,0.0
40.4387252,-3.6904566,0.0,2021-05-13 12:06:12.658801,0.0,0.0
40.4388908,-3.690445,0.0,2021-05-13 12:06:16.162451,0.0,0.0
40.439133,-3.690483,0.0,2021-05-13 12:06:19.666101,812.3395561322665,925.5285351535445
40.439399,-3.6905077,0.0,2021-05-13 12:06:23.169751,0.0,0.0
40.4397528,-3.6907132,0.0,2021-05-13 12:06:26.673401,812.3343023699327,925.524597043167
40.4400574,-3.6908454,0.0,2021-05-13 12:06:30.177051,0.0,0.0
40.4405254,-3.6908953,0.0,2021-05-13 12:06:33.680701,812.3285337654572,946.4472781935154
40.4410707,-3.6912887,0.0,2021-05-13 12:06:37.184351,812.3224905237589,925.5160358964968
40.4412202,-3.6909991,0.0,2021-05-13 12:06:40.688001,812.3237922782838,925.5158366143302
40.4408895,-3.6908842,0.0,2021-05-13 12:06:44.191651,812.3265366040691,925.5179207236396
40.4408465,-3.6906689,0.0,2021-05-13 12:06:47.695301,812.3283848745544,925.5186274978674
40.4404069,-3.690293999999999,0.0,2021-05-13 12:06:51.198951,0.0,0.0
